ets Jul 29 2019 12:21:46

rst:0x1 (POWERON_RESET),boot:0x13 (SPI_FAST_FLASH_BOOT)
configsip: 0, SPIWP:0xee
clk_drv:0x00,q_drv:0x00,d_drv:0x00,cs0_drv:0x00,hd_drv:0x00,wp_drv:0x00
mode:DIO, clock div:2
load:0x3fff0030,len:1184
load:0x40078000,len:13232
load:0x40080400,len:3028
entry 0x400805e4
Successfully initialized I2S!
AVRC metadata rsp: attribute id 0x1, 
AVRC metadata rsp: attribute id 0x2, 
AVRC metadata rsp: attribute id 0x4, 
AVRC metadata rsp: attribute id 0x8, 0
FFT initialized
Start marker detected
Preamble detected, starting data reception
Process FFT and decode now
Magnitudes:
0.73 5.01 0.97 5.33 2.07 4.90 3.36 4.02 3.90 3.32 4.40 2.85 5.37 1.98 6.44 0.54 7.12 0.98 8.40 2.85 15.28 25.27 17.56 4.29 1.16 0.24 0.17 0.90 0.21 1.09 0.51 1.66 0.36 2.23 0.59 1.70 1.07 0.51 0.34 0.71 2.42 1.94 14.69 22.98 13.72 4.38 9.74 0.92 8.26 1.44 6.71 2.47 5.72 3.09 5.35 4.04 4.91 5.36 3.97 6.64 2.82 8.22 1.82 14.68 14.34 4.56 0.29 1.62 1.07 2.47 1.74 2.62 2.45 2.31 3.10 1.46 3.26 0.59 2.48 0.93 1.63 0.82 5.87 3.21 25.08 64.55 70.64 26.74 21.27 21.18 11.95 20.38 6.75 20.42 3.39 21.78 1.99 24.26 6.49 26.94 13.38 30.87 23.76 40.80 49.81 74.51 236.54 265.01 129.97 20.77 52.88 3.74 33.37 2.98 24.72 6.96 18.87 9.74 14.29 11.39 11.30 13.29 9.49 16.93 8.30 25.74 7.85 72.01 101.53 66.61 7.41 19.48 6.30 10.36 5.64 6.83 5.82 4.24 5.73 2.16 4.94 1.42 4.60 1.22 5.22 0.71 4.96 2.88 1.76 5.18 9.77 5.94 3.00 4.06 2.57 3.92 3.06 4.99 2.19 5.96 0.81 5.99 1.35 5.64 2.09 5.57 2.80 5.95 4.58 7.23 12.46 7.22 3.14 3.95 6.75 1.45 7.60 1.07 7.03 2.06 6.59 3.04 6.44 3.65 6.68 5.03 7.43 7.98 5.76 10.91 1.55 0.90 17.53 26.13 6.61 13.34 3.35 16.31 5.47 20.67 14.58 18.36 21.89 13.63 26.08 12.01 34.95 8.37 51.26 5.26 73.98 34.00 147.21 291.70 242.49 65.42 50.06 33.47 19.87 20.87 7.62 11.55 2.88 3.87 2.66 2.53 4.21 7.50 7.70 14.26 14.81 28.71 39.62 68.28 232.83 279.73 145.97 24.18 65.22 4.18 43.46 3.66 33.24 8.13 27.09 12.46 21.37 16.20 14.51 16.84 8.99 14.92 7.53 15.75 9.12 29.69 19.60 1.44 3.08 10.88 3.44 9.88 6.20 8.22 6.43 7.59 7.80 5.81 9.39 2.77 9.12 0.76 7.40 0.61 6.27 0.45 5.33 5.72 16.05 7.67 9.39 9.03 5.86 9.61 2.76 9.03 0.84 8.20 0.99 7.78 1.70 7.80 2.84 7.52 4.52 6.54 5.98 5.71 9.10 2.94 4.77 3.20 6.94 1.71 7.82 0.43 7.78 1.49 7.84 2.77 8.21 4.96 7.95 7.53 6.81 9.93 5.58 13.57 4.38 28.05 28.93 11.81 1.15 3.14 2.47 4.63 3.77 5.46 5.66 5.21 7.90 3.98 9.73 2.82 11.89 1.61 15.74 2.52 22.66 10.44 46.95 93.23 78.01 21.58 16.02 11.47 6.18 7.65 1.92 4.64 0.35 2.46 0.40 0.89 0.69 0.93 0.62 3.19 1.72 5.77 6.45 10.30 32.99 37.59 18.56 3.31 8.03 1.07 4.37 1.33 2.35 1.05 2.03 0.99 2.23 1.22 1.62 1.27 0.92 0.97 1.88 1.70 4.40 10.13 12.76 9.25 4.00 2.46 1.13 1.74 0.63 0.65 0.62 0.34 1.01 0.98 0.42 0.92 0.44 0.49 1.52 0.60 3.01 2.59 6.16 15.57 15.07 4.30 5.21 3.86 2.62 3.56 1.26 3.10 1.08 3.42 0.79 4.23 0.83 4.63 2.27 5.08 3.91 7.00 8.61 13.63 43.33 49.46 24.67 4.48 10.61 0.95 7.16 0.71 5.38 1.42 4.09 1.83 3.22 2.02 2.71 2.35 2.16 2.70 1.24 2.43 0.22 1.87 8.23 9.52 1.42 5.51 1.82 4.87 2.49 4.85 3.74 4.63 5.42 3.84 7.15 2.67 9.03 1.34 12.07 0.88 18.58 7.04 42.51 84.08 72.85 22.35 14.52 11.98 5.93 8.34 2.61 6.29 1.17 5.11 0.82 4.15 1.53 2.80 1.82 1.46 1.07 1.17 0.18 1.61 1.49 3.85 2.51 1.93 3.09 0.41 2.76 0.74 1.85 0.79 1.39 0.71 1.40 0.95 1.40 1.29 1.03 1.52 0.55 1.51 0.25 1.58 
Decoded char: a
Process FFT and decode now
Magnitudes:
1.00 1.85 1.31 1.24 1.06 0.59 0.54 0.31 0.30 0.39 0.27 0.63 0.13 1.03 0.52 1.48 1.85 1.34 4.37 0.44 12.86 25.55 25.79 12.05 3.66 7.84 1.46 4.73 2.98 2.14 3.00 0.57 2.58 0.51 1.89 1.16 0.87 0.81 0.38 1.37 1.33 6.25 20.05 27.93 19.48 1.33 10.06 5.15 5.26 6.40 1.48 5.99 1.07 5.10 3.11 3.73 4.91 1.44 5.47 1.57 4.34 3.28 2.33 3.33 2.73 5.69 1.40 4.33 3.39 2.46 4.61 0.17 4.37 2.59 2.92 4.25 0.78 4.95 2.12 4.19 4.50 1.92 5.18 1.23 3.81 2.85 2.93 2.62 2.28 2.98 1.53 4.42 1.31 3.85 3.30 1.40 3.19 1.01 1.11 1.02 0.85 2.03 0.87 6.56 6.11 18.72 61.18 83.91 57.23 2.09 31.24 14.21 18.78 20.90 7.27 23.30 4.23 21.88 15.67 16.01 26.62 4.62 35.84 14.75 42.37 50.04 45.75 186.24 248.64 177.22 41.85 42.74 35.23 10.79 26.94 4.10 18.06 11.24 9.48 13.73 2.05 13.26 3.97 11.33 9.23 8.59 16.32 3.06 36.91 57.72 50.53 23.13 3.86 12.75 3.72 7.59 6.17 3.91 7.00 1.41 6.91 2.72 5.78 5.05 3.68 6.75 1.12 7.92 3.20 9.59 15.74 10.23 2.74 1.47 2.88 1.56 3.49 3.14 2.37 4.34 0.64 4.24 2.22 2.66 3.43 0.36 2.92 1.46 0.90 1.08 3.86 20.88 42.54 44.36 15.52 18.24 20.39 6.97 22.55 3.87 21.23 13.86 15.94 22.86 6.14 29.21 8.59 30.88 28.74 25.24 59.26 4.32 143.27 243.23 211.23 82.03 24.92 39.61 0.66 19.60 5.99 7.49 3.32 2.45 2.53 2.76 8.00 8.89 9.84 21.51 3.70 42.20 23.24 87.56 222.29 260.32 157.51 5.13 66.35 27.75 32.83 32.78 11.40 30.22 3.86 23.14 13.54 13.43 18.14 3.20 17.83 6.72 13.45 13.37 6.40 16.36 1.71 15.07 8.48 11.14 12.84 5.75 14.56 2.47 13.43 6.73 9.60 9.83 4.32 10.17 0.62 8.41 3.87 5.58 5.53 2.08 3.68 9.98 19.87 14.23 4.86 14.75 4.33 12.38 9.86 7.34 12.46 2.10 12.35 4.33 10.35 8.83 6.34 12.12 0.71 13.17 7.04 13.21 25.19 17.68 4.00 2.60 3.52 4.78 2.78 6.79 0.51 7.98 2.86 7.75 6.77 5.49 10.17 1.26 12.27 4.67 13.07 13.94 12.55 44.85 53.41 33.51 7.08 5.04 3.44 0.27 1.34 1.37 3.36 2.70 3.69 5.05 1.61 5.86 1.90 5.21 4.01 5.80 8.88 4.32 26.12 38.84 32.04 13.60 2.04 2.71 3.11 2.43 2.31 2.92 2.39 1.51 1.69 0.64 2.29 1.71 2.99 4.24 1.45 6.67 2.84 10.71 24.70 27.83 16.89 1.86 6.57 3.01 2.95 2.67 1.74 2.80 1.47 2.51 1.58 1.20 1.13 0.20 0.29 0.68 0.75 0.52 0.58 3.98 6.47 3.95 1.26 2.72 1.18 3.24 1.65 2.55 2.52 1.16 2.82 1.62 2.43 3.22 2.02 4.25 2.89 4.33 4.29 3.67 4.89 1.49 6.30 5.23 3.86 5.54 2.74 4.96 3.76 3.36 4.90 2.17 4.97 3.29 4.05 4.89 2.69 5.65 2.69 4.78 4.11 2.00 3.13 2.70 5.64 2.47 3.03 3.38 2.37 3.60 2.35 4.65 1.87 5.80 3.94 5.70 8.33 3.00 13.50 4.02 17.99 18.95 20.49 75.39 98.79 70.73 18.27 15.75 14.45 3.51 10.01 2.91 6.15 4.02 3.61 4.07 2.12 3.66 1.84 2.77 2.29 2.03 2.33 2.01 3.02 4.95 3.71 0.49 1.51 1.24 0.51 1.50 0.86 0.99 1.24 0.62 1.07 0.75 1.03 0.62 1.21 0.56 1.21 1.01 0.93 1.91 3.38 3.59 1.92 0.49 0.19 0.16 0.21 0.48 0.10 0.52 0.05 0.53 0.14 0.74 0.52 0.71 0.80 0.41 0.82 0.19 0.79 0.74 
Decoded char: b
Process FFT and decode now
Magnitudes:
0.97 1.97 0.97 0.60 1.15 0.44 0.69 0.94 0.13 0.56 0.26 0.38 0.90 0.88 2.32 1.68 1.99 3.95 4.01 3.74 24.11 45.74 45.77 22.41 3.73 10.34 8.25 1.57 9.58 6.83 6.22 10.44 2.48 8.99 5.58 3.76 6.77 2.12 4.52 5.47 1.43 4.01 5.55 14.95 11.02 3.38 5.08 5.98 5.74 5.87 11.02 4.33 13.51 7.37 11.31 11.15 5.13 11.24 3.06 6.61 8.78 4.22 10.92 23.76 23.36 14.31 5.89 3.27 2.80 3.89 1.94 4.89 3.44 5.67 5.54 4.98 6.34 3.84 5.61 3.92 4.72 5.53 6.97 5.76 29.51 56.22 63.49 37.85 2.73 23.28 15.87 7.28 22.26 10.86 16.89 24.28 3.44 26.16 17.92 13.24 30.92 12.63 29.58 46.18 6.12 90.10 143.24 136.33 92.98 29.95 29.29 30.95 16.93 24.19 18.51 22.36 25.09 25.52 30.26 30.94 27.95 34.91 16.88 32.16 6.40 30.10 19.46 126.25 188.98 130.98 26.79 27.25 15.38 29.06 8.17 34.47 20.05 29.34 27.75 19.07 27.55 10.76 20.72 9.54 10.86 9.37 10.11 5.51 31.71 56.31 46.18 14.96 6.17 3.38 7.27 3.55 8.57 8.41 8.04 11.31 6.81 11.54 6.84 8.50 7.97 2.18 7.21 7.29 2.36 20.59 41.06 42.33 26.31 6.84 6.61 8.03 1.14 5.04 1.79 2.11 0.57 2.97 1.62 4.20 3.60 4.24 5.15 2.68 6.64 3.01 8.41 31.69 53.50 44.93 10.19 13.44 6.33 16.73 5.56 27.22 19.87 32.47 35.31 30.15 45.25 23.78 44.11 21.90 30.48 23.41 29.60 16.49 106.29 200.18 168.94 55.51 23.65 14.11 21.10 8.22 16.04 12.19 6.88 6.70 1.16 3.54 6.84 11.44 13.15 11.01 18.06 11.41 24.23 48.27 160.79 191.87 99.79 20.97 28.08 28.01 32.03 25.88 48.01 24.76 50.32 30.84 39.13 34.87 20.30 30.45 3.96 17.47 15.21 11.40 21.64 55.73 56.41 33.23 13.11 3.95 7.77 6.37 7.77 10.24 10.19 12.00 11.95 11.00 11.96 8.68 9.78 5.78 5.49 2.31 1.97 1.51 6.26 17.69 23.85 12.12 4.18 3.42 9.02 6.59 11.80 14.10 11.76 17.95 11.59 17.63 12.18 13.15 11.47 6.23 8.18 1.48 5.53 2.11 6.49 2.65 6.15 2.22 3.16 3.93 4.93 4.17 10.18 5.45 14.18 9.94 14.41 14.53 10.30 15.77 4.22 11.78 5.82 8.49 9.20 37.88 47.74 27.58 3.15 6.10 1.35 2.52 2.54 3.11 3.52 4.35 5.21 3.52 6.48 2.63 7.65 3.10 6.65 5.01 7.55 3.90 28.94 52.94 46.60 18.85 3.87 7.96 4.80 2.61 5.83 0.90 4.72 2.54 2.11 2.18 1.99 0.91 4.73 3.44 6.16 6.07 5.28 7.99 4.14 9.15 8.71 2.63 2.56 0.95 0.99 1.33 2.69 2.42 3.19 2.81 2.67 2.47 1.67 1.74 1.41 1.19 1.81 1.33 1.57 3.68 4.65 3.15 0.34 1.61 0.65 1.01 0.62 1.19 1.24 1.26 1.59 0.89 1.45 0.54 1.31 0.50 1.06 0.79 1.19 0.88 5.36 8.65 8.75 6.22 1.71 4.71 3.54 3.41 4.10 1.85 3.26 0.59 1.91 0.51 2.97 1.17 4.78 3.36 4.82 6.53 1.63 10.94 18.84 19.85 10.69 1.68 3.95 2.37 5.33 4.28 6.30 6.15 6.75 7.49 7.37 8.50 8.99 9.77 12.24 11.10 16.44 12.59 19.84 26.79 19.38 25.09 19.03 8.80 15.16 7.01 10.67 6.57 6.95 6.07 4.52 5.70 2.92 5.22 1.88 4.29 1.56 2.99 1.42 2.08 1.48 2.30 1.90 1.85 1.71 1.28 1.56 1.25 1.87 0.84 2.27 0.08 2.12 0.41 1.95 0.78 1.84 1.36 1.43 1.81 0.87 2.46 1.11 0.27 0.61 1.61 0.70 0.93 0.92 0.94 0.66 1.07 0.80 0.86 0.84 1.05 0.44 1.41 0.91 1.16 1.62 0.30 1.61 0.68 
Decoded char: c
Process FFT and decode now
Magnitudes:
0.08 2.48 1.99 0.98 2.07 2.88 0.24 3.26 2.74 0.66 2.56 2.37 0.99 1.97 2.34 3.36 2.16 8.37 7.68 11.45 16.95 9.54 8.55 13.29 13.21 11.36 11.66 11.07 9.19 9.34 4.94 3.59 2.49 3.87 4.66 8.16 5.85 6.93 5.08 2.08 2.13 4.92 6.62 2.20 6.29 7.12 7.65 8.27 8.93 8.07 7.81 5.65 3.25 1.08 3.18 5.56 7.76 8.60 9.41 8.85 11.44 9.20 15.77 17.61 15.27 21.14 13.90 0.45 4.73 6.33 3.99 3.91 6.16 2.00 1.70 4.88 3.91 3.35 5.30 1.87 2.28 4.29 5.01 7.21 9.34 27.95 31.23 9.23 22.26 19.95 25.38 29.20 21.90 25.70 13.44 8.71 8.62 13.03 16.37 30.48 28.48 38.43 37.64 35.70 40.79 27.47 53.11 52.63 29.35 26.70 22.40 16.35 9.69 5.85 1.25 2.82 1.20 2.12 2.43 4.08 8.67 13.06 18.64 23.00 33.55 32.29 54.55 62.05 26.09 78.42 78.95 37.32 58.41 33.24 22.69 22.58 11.46 10.11 17.81 23.84 3.69 19.09 23.01 20.08 22.32 59.96 28.72 70.18 151.09 182.13 171.59 113.92 26.80 33.93 34.25 5.82 13.14 14.33 9.68 5.39 14.06 5.22 6.97 7.26 7.93 1.12 15.22 15.59 13.02 34.01 34.45 35.14 39.35 21.41 12.83 17.90 5.38 7.04 5.33 4.99 1.61 6.29 6.55 0.73 6.24 7.02 1.68 8.84 12.41 7.02 17.28 16.63 16.92 15.92 4.28 15.98 5.89 24.93 17.79 23.80 28.10 7.25 18.83 20.79 11.84 28.05 45.44 19.83 55.22 32.75 32.56 37.65 123.99 233.56 204.24 74.29 32.96 13.46 32.28 30.45 14.43 22.29 8.34 3.88 2.98 0.83 3.21 12.23 9.19 21.62 28.09 7.39 29.27 71.19 194.31 231.89 128.72 35.71 38.36 30.72 61.04 22.27 50.62 33.99 13.09 25.13 22.70 8.29 35.14 30.15 24.00 33.87 7.97 21.87 2.82 26.65 23.53 11.83 16.55 4.70 11.75 9.98 2.56 8.98 12.38 2.22 9.20 10.73 2.86 8.93 11.80 1.76 9.10 9.70 2.69 8.33 12.44 2.77 7.39 2.54 8.60 3.69 12.12 13.13 7.75 15.66 6.91 6.10 11.43 9.22 7.09 18.20 8.78 12.79 15.58 6.43 8.30 31.07 49.48 44.25 27.76 11.22 5.77 8.56 5.55 6.95 6.79 5.28 3.00 1.97 4.26 4.01 8.91 9.35 8.47 11.88 5.22 12.02 2.02 20.48 28.68 15.50 0.88 4.90 3.10 3.80 2.93 1.86 0.97 1.98 2.28 0.14 0.74 3.40 6.11 6.37 10.22 8.41 9.42 8.72 6.90 13.21 12.59 12.04 10.74 11.22 9.05 6.04 5.75 1.68 3.52 0.54 2.64 0.79 2.73 1.17 2.62 2.02 2.92 3.52 2.75 9.71 10.51 6.80 5.44 3.56 1.44 1.19 0.67 0.96 1.00 1.43 0.41 0.30 0.72 1.88 1.62 1.86 2.12 1.46 1.66 1.20 2.09 9.33 16.42 16.78 9.50 0.97 6.55 7.44 2.59 5.20 6.92 2.92 3.16 6.44 4.01 2.97 6.30 2.22 3.96 4.44 3.02 4.29 9.45 13.40 8.91 2.75 1.59 3.69 4.91 0.33 3.76 3.63 3.44 2.21 7.42 3.41 5.47 7.69 4.45 4.31 14.17 12.74 12.45 43.48 58.62 58.88 47.79 20.74 6.96 13.09 3.43 4.80 2.86 3.39 2.19 1.67 2.88 1.37 3.00 3.87 3.38 3.90 5.38 5.40 11.14 15.52 9.39 13.65 13.40 4.33 8.81 4.26 5.56 4.33 2.59 3.05 1.21 2.29 1.20 2.55 0.32 1.87 0.76 2.82 1.06 3.43 3.06 3.38 4.19 1.93 1.08 1.43 0.98 1.44 1.45 1.91 1.57 0.91 0.18 1.20 1.57 2.27 1.95 1.29 1.11 1.00 1.04 3.15 7.20 6.96 5.64 3.91 1.94 3.44 1.35 0.92 0.17 1.69 0.96 1.00 0.56 1.03 0.69 1.42 1.17 1.32 1.58 1.13 1.58 1.25 
Decoded char: d
End marker detected, stopping data reception.
abcd
End printing finished, idle state.
Start marker detected
Preamble detected, starting data reception
Process FFT and decode now
Magnitudes:
0.05 8.94 1.66 8.78 3.46 8.25 5.21 7.35 6.73 6.35 8.25 5.21 10.00 3.64 11.94 1.47 14.22 1.39 18.37 6.58 34.62 60.76 45.49 11.86 5.61 3.47 0.82 0.37 0.35 1.39 0.51 2.57 0.12 3.37 0.75 3.68 1.58 3.71 2.37 3.63 3.31 3.21 4.20 2.47 4.82 1.72 5.43 0.79 6.04 0.63 6.11 2.02 5.68 3.03 5.36 4.15 4.96 5.65 3.74 6.67 2.14 6.94 1.03 7.59 1.56 7.10 1.78 7.19 3.48 6.56 4.33 6.42 5.55 6.16 7.60 4.81 9.24 3.01 9.98 1.51 10.83 0.89 11.73 3.76 11.71 6.83 10.67 9.30 9.56 11.84 8.25 14.86 6.14 17.82 2.97 20.61 0.53 24.32 5.65 29.30 13.85 35.86 27.11 47.74 58.74 87.21 278.79 313.28 153.88 24.42 61.93 4.01 38.12 4.08 27.41 7.67 19.54 9.97 12.89 9.75 8.89 9.26 6.45 9.50 3.64 9.09 0.90 7.49 0.61 6.13 0.94 5.60 1.89 4.89 2.87 3.61 3.14 2.46 2.90 2.00 2.97 1.79 3.53 1.11 3.93 0.90 3.29 2.08 1.86 2.80 0.79 0.48 0.04 0.47 0.87 0.46 0.97 0.92 0.42 0.70 0.35 0.34 0.08 0.42 0.31 0.39 0.42 0.25 0.54 0.45 0.78 0.42 1.07 0.27 1.05 0.39 0.93 0.41 0.98 0.57 1.08 0.97 0.85 1.25 0.46 0.75 0.61 0.61 1.15 1.17 3.10 1.59 9.25 10.10 0.65 8.38 3.74 5.79 4.91 3.80 4.62 3.69 5.62 3.22 7.53 0.95 7.96 1.55 7.07 2.49 6.85 3.40 7.25 5.36 6.81 7.26 5.85 8.58 5.28 10.55 4.76 13.70 2.90 17.36 0.56 21.16 5.64 25.65 13.06 32.16 25.53 44.20 56.42 82.52 271.61 309.90 152.96 26.70 63.80 6.37 41.28 1.59 31.85 6.78 24.75 10.98 17.95 12.32 13.04 12.71 9.68 13.57 5.98 13.62 2.30 12.30 1.10 11.21 1.84 10.74 3.89 9.28 5.74 7.19 6.35 6.01 7.23 4.71 8.73 1.84 8.54 0.90 6.48 1.14 5.59 0.67 7.96 4.72 4.46 3.41 5.79 5.99 3.33 6.45 1.20 5.50 1.07 4.74 1.08 4.80 1.06 4.88 2.02 4.28 2.81 3.39 2.96 3.00 3.30 2.88 4.31 2.01 5.10 0.56 4.79 0.87 4.23 1.17 4.48 2.09 4.46 3.87 2.79 4.34 1.27 2.77 1.18 1.98 2.23 2.93 3.47 6.24 0.71 6.44 2.65 4.80 3.82 3.09 3.77 2.30 3.84 1.83 4.30 1.03 4.67 0.22 4.65 1.14 4.34 1.98 3.94 2.70 3.52 3.40 2.99 4.03 2.37 4.50 1.80 4.95 1.21 5.53 0.71 6.25 1.48 7.03 3.22 7.95 5.94 9.67 11.71 15.70 48.75 51.85 23.59 4.06 8.42 0.98 4.50 0.23 2.81 0.19 1.85 0.27 1.27 0.24 0.97 0.25 0.71 0.32 0.42 0.35 0.28 0.34 0.34 0.30 0.33 0.31 0.43 0.39 0.62 0.45 0.74 0.36 0.71 0.31 0.71 0.46 0.95 0.51 1.34 0.44 1.54 0.94 2.22 4.38 3.30 0.82 0.54 0.41 0.12 0.13 0.43 0.32 0.34 0.53 0.15 0.59 0.12 0.69 0.15 0.80 0.36 0.70 0.58 0.50 0.61 0.43 0.68 0.36 0.83 0.37 0.80 0.54 0.78 0.39 0.92 0.26 0.96 0.54 0.98 0.69 1.20 0.89 0.96 1.49 0.53 1.25 0.76 1.18 0.58 1.24 0.52 0.97 0.78 1.03 0.72 0.85 0.87 0.55 0.86 0.48 0.99 0.38 1.24 0.14 1.26 0.49 1.08 0.62 0.99 0.71 0.92 0.96 0.68 1.10 0.42 0.99 0.25 0.89 0.09 0.93 0.14 0.92 0.39 0.68 0.42 0.43 0.45 0.52 0.85 2.45 1.48 1.25 1.84 0.52 1.87 0.30 1.60 0.49 1.40 0.74 1.25 1.09 0.92 1.29 0.52 1.24 0.43 1.15 0.52 1.19 
Decoded char: A
Process FFT and decode now
Magnitudes:
1.15 2.39 1.12 1.09 1.29 0.56 1.06 0.48 0.50 0.34 0.23 0.25 0.41 1.32 0.31 2.56 2.61 3.21 8.16 0.92 26.80 51.90 51.83 23.53 7.89 15.72 1.19 11.32 6.10 6.63 8.35 1.89 8.35 2.14 6.91 5.26 4.48 7.62 0.92 8.76 3.79 8.52 12.56 4.88 2.93 1.15 4.49 3.17 3.31 4.79 1.04 5.32 1.60 4.55 3.81 2.83 5.21 0.55 5.79 2.34 5.19 5.30 3.12 7.84 2.49 5.08 3.85 3.65 5.32 0.98 5.36 1.28 4.89 3.53 3.64 6.04 0.76 6.93 4.15 4.69 6.75 1.47 5.73 2.90 1.64 5.78 13.99 10.22 4.45 10.99 2.20 10.97 6.71 7.75 10.30 2.33 10.68 3.03 8.80 6.72 5.99 9.70 1.80 11.26 4.02 9.42 7.46 9.52 16.22 1.13 15.31 8.42 12.41 15.18 6.38 20.37 3.23 21.71 15.16 17.53 27.65 6.71 39.52 13.87 49.32 55.13 54.73 214.60 287.27 207.08 49.83 51.16 42.59 13.85 33.49 4.38 22.77 13.20 11.78 15.50 2.58 13.42 3.97 9.16 7.14 4.32 7.39 0.92 3.85 4.73 12.59 9.02 2.33 7.36 1.65 4.99 3.57 2.39 3.89 0.78 3.04 1.68 1.78 1.85 1.68 1.23 1.85 1.85 0.94 3.37 5.45 5.90 4.11 1.18 1.82 1.61 1.10 1.38 0.86 0.75 0.51 0.18 0.11 0.29 0.72 0.39 1.32 0.63 1.88 1.64 2.34 7.13 10.84 10.45 3.69 3.94 4.32 1.66 4.63 0.60 4.38 2.66 3.09 4.43 1.06 5.16 2.39 4.72 5.12 3.14 8.01 0.31 11.58 11.42 4.14 6.77 2.84 10.34 1.75 11.60 7.42 10.12 13.88 4.96 19.35 4.50 21.56 17.82 18.19 35.19 5.27 59.15 31.18 108.51 262.28 292.00 168.20 4.96 65.91 26.97 30.77 31.09 9.45 27.83 5.29 20.48 13.63 11.43 17.24 2.40 16.91 5.92 13.26 12.13 7.31 17.40 7.85 9.88 4.75 8.42 8.55 4.46 10.39 0.63 9.87 5.14 7.10 8.28 2.97 9.50 1.81 8.67 6.41 5.61 10.07 1.01 13.99 15.47 6.14 1.31 0.81 3.36 0.76 3.90 2.70 3.20 4.72 1.24 5.49 2.05 4.46 3.92 2.54 4.67 0.80 5.01 1.15 5.04 3.89 3.86 5.46 0.92 5.99 2.26 4.58 4.47 2.05 5.15 0.53 4.63 2.66 3.35 4.29 1.53 5.34 1.30 5.49 4.60 4.37 11.27 8.98 2.72 0.91 2.24 2.73 1.47 4.03 0.40 4.38 2.59 3.64 4.86 1.57 6.54 1.82 6.87 6.31 5.33 12.41 0.64 28.45 47.51 40.73 15.74 4.78 7.82 0.27 4.22 1.71 1.85 1.76 0.57 1.02 0.91 0.42 0.77 0.88 0.14 0.78 0.74 0.31 2.37 5.78 6.57 3.82 0.61 1.09 0.76 0.30 0.77 0.18 0.89 0.64 0.81 0.99 0.62 0.90 0.49 1.00 0.30 1.63 2.40 2.50 13.08 21.04 17.37 4.58 5.24 4.71 1.75 3.90 1.54 2.86 2.26 1.79 2.83 1.01 2.93 1.53 2.70 2.50 2.13 3.96 0.51 5.70 5.31 3.94 3.69 0.59 3.51 1.30 2.65 2.24 2.37 3.14 1.57 4.66 1.83 4.75 5.28 2.56 7.87 1.79 10.58 6.55 20.32 48.96 54.63 32.75 3.68 10.67 6.28 3.00 4.61 0.99 3.50 0.37 3.34 2.26 2.18 3.07 1.08 2.32 1.44 0.90 1.48 0.22 1.92 3.00 1.95 0.12 0.77 0.25 0.31 0.29 0.28 0.21 0.26 0.19 0.27 0.04 0.27 0.13 0.15 0.06 0.09 0.35 0.31 0.61 1.50 1.49 0.83 0.66 0.37 0.39 0.43 0.16 0.27 0.43 0.07 0.39 0.09 0.57 0.39 0.95 1.17 0.92 2.37 1.13 4.10 9.11 10.04 5.78 0.23 2.79 1.04 1.64 1.62 0.60 1.60 0.29 1.24 0.80 0.71 1.08 0.12 0.94 0.67 0.41 0.78 0.63 0.34 
Decoded char: B
Process FFT and decode now
Magnitudes:
0.52 5.52 4.09 2.31 5.93 2.46 4.31 5.89 0.13 5.73 3.90 2.12 4.99 3.75 2.59 7.52 2.86 8.60 7.63 7.03 10.87 2.84 9.61 4.18 7.85 3.71 8.02 6.39 9.87 11.64 9.70 14.88 8.44 13.80 8.26 9.24 7.95 3.78 6.10 2.14 3.97 3.61 5.07 2.26 6.26 1.47 4.45 4.41 3.10 4.91 8.59 3.78 12.03 6.91 10.44 10.08 4.77 9.11 1.33 5.04 4.16 5.82 2.61 9.57 4.17 6.42 5.73 2.09 6.50 5.85 3.23 11.03 4.70 11.88 10.61 8.51 13.43 4.04 11.88 4.59 6.71 5.39 3.10 2.13 1.79 18.49 34.47 25.08 2.38 18.82 15.52 3.47 24.00 16.95 19.76 32.79 9.60 35.84 21.57 22.27 35.17 8.28 32.82 48.98 5.73 107.72 202.08 206.02 128.02 29.06 36.34 34.95 13.54 26.33 13.60 20.62 19.62 22.75 27.30 29.98 27.82 37.24 16.72 36.33 9.90 35.69 30.73 171.18 256.25 182.85 42.78 35.58 26.31 37.10 8.50 45.56 23.45 38.05 35.06 22.05 34.09 10.34 22.95 12.73 8.19 13.46 8.15 7.78 21.14 18.50 6.76 1.63 3.77 1.74 5.61 2.05 8.01 7.43 6.50 10.14 3.72 8.75 4.20 4.52 4.61 1.92 2.48 4.64 1.98 4.94 6.91 3.14 2.72 1.67 1.41 2.32 1.91 1.74 2.92 0.45 3.24 1.44 2.20 2.41 1.07 2.13 1.33 2.05 1.50 1.69 2.05 3.02 2.05 1.93 3.27 3.71 6.75 4.78 7.17 5.79 4.45 5.01 1.97 4.55 2.32 6.68 2.00 9.47 3.49 13.28 12.77 12.74 46.05 71.18 72.63 41.41 2.47 18.70 14.89 2.15 19.15 18.64 17.63 33.14 17.40 38.58 25.07 32.38 33.18 16.06 34.08 19.61 32.34 73.09 211.34 240.46 124.02 21.74 30.64 29.00 33.62 24.42 46.93 23.30 46.96 29.23 35.64 32.23 17.76 26.76 2.70 14.62 12.51 13.03 17.48 53.23 58.01 36.00 13.83 4.59 10.05 6.24 7.94 7.65 8.01 8.80 9.05 9.13 9.54 8.42 8.81 7.22 7.23 5.94 5.57 4.21 6.66 8.74 11.35 7.01 1.58 3.95 2.18 1.04 4.15 4.69 4.72 7.53 4.76 7.77 4.99 5.85 4.86 2.91 3.70 0.09 1.54 2.11 1.27 2.92 3.30 1.52 2.83 1.29 3.31 2.40 5.30 3.72 6.45 5.00 6.24 5.80 5.07 5.73 3.48 4.77 2.16 3.77 1.73 3.47 1.65 2.09 1.51 1.23 0.31 2.81 1.67 4.06 3.58 4.77 5.45 5.23 6.92 5.42 7.26 5.32 6.53 5.24 5.79 5.62 5.58 6.62 3.67 5.56 3.70 4.62 3.33 3.18 2.84 1.61 2.07 0.83 1.84 0.87 2.33 0.81 2.26 1.18 1.62 1.56 0.93 2.07 0.74 1.05 0.67 1.15 0.54 1.12 1.14 1.15 1.94 0.88 1.57 1.16 0.17 0.91 0.89 0.28 0.97 0.58 1.98 1.99 2.85 3.42 4.28 3.17 0.68 1.56 1.96 3.82 3.72 4.94 4.11 3.82 3.04 2.80 3.14 3.57 3.68 3.19 2.41 0.72 0.75 2.94 6.38 11.32 14.73 10.17 2.37 2.54 5.95 3.76 5.20 6.10 3.67 7.10 4.19 8.74 5.94 7.55 6.47 3.61 5.10 4.11 7.38 8.01 28.95 32.19 15.45 2.08 2.69 4.72 4.73 4.71 6.71 3.99 6.06 4.03 4.62 4.36 2.33 3.30 2.01 0.81 2.98 3.19 1.99 4.34 3.19 1.62 2.58 0.23 2.41 1.41 2.33 3.64 0.78 4.61 3.74 2.20 6.12 2.97 4.94 8.56 0.86 12.45 13.56 9.95 48.44 75.12 69.72 36.74 1.19 16.37 10.11 4.51 9.58 2.77 5.96 5.49 1.70 5.59 3.04 2.47 5.13 2.31 3.51 4.24 1.91 3.24 9.28 15.90 13.14 4.86 3.35 4.94 4.48 2.17 4.63 1.85 4.61 1.77 4.42 4.42 1.40 4.60 2.39 2.32 3.07 2.81 2.33 2.79 
Decoded char: C
Process FFT and decode now
Magnitudes:
0.03 2.48 1.83 4.53 3.67 5.98 5.56 5.75 5.59 2.70 2.10 1.71 2.89 4.38 5.78 5.33 6.11 5.74 5.27 5.08 6.65 9.23 12.28 6.24 3.58 2.40 6.14 7.71 5.82 8.63 4.07 3.17 3.45 4.14 4.21 8.19 5.99 7.74 6.35 4.20 4.18 1.25 2.51 1.89 2.86 2.79 5.10 5.33 8.33 6.81 7.34 5.29 2.55 1.03 2.40 3.90 5.45 6.91 7.53 7.99 11.18 6.43 16.57 26.49 36.54 34.60 14.63 6.91 3.41 13.90 8.42 11.66 13.27 2.94 7.38 7.74 5.22 10.18 14.19 7.36 12.25 4.81 4.36 1.74 8.50 3.09 10.49 6.19 15.51 16.23 21.87 26.27 21.42 25.35 14.41 10.87 6.51 11.13 16.52 31.92 33.58 45.14 47.94 49.64 55.30 50.35 52.85 47.58 56.34 47.64 38.13 35.67 16.22 14.52 5.32 7.37 1.23 10.74 10.62 5.38 19.91 20.89 24.41 34.96 28.27 44.02 37.84 52.97 55.12 58.21 68.54 53.13 61.72 41.39 33.82 26.11 8.79 14.00 13.99 22.26 4.78 17.69 22.13 24.29 23.28 65.85 30.98 75.90 170.37 220.20 207.42 125.34 27.67 28.34 39.35 20.70 13.81 27.52 10.20 9.92 15.12 9.52 6.19 15.58 5.96 9.79 8.12 3.14 4.70 4.09 5.19 2.00 4.92 1.61 2.98 2.15 5.36 2.05 4.56 2.22 1.53 0.23 3.07 2.17 3.68 2.96 2.48 2.10 0.76 1.10 5.34 5.92 7.79 10.96 7.16 2.89 4.69 2.52 2.58 3.02 1.10 1.86 4.22 2.73 5.96 6.59 6.00 9.86 7.07 14.13 12.66 17.83 19.92 16.39 21.98 13.18 20.32 15.18 20.48 22.50 16.07 25.46 9.97 14.26 17.42 14.69 20.18 48.01 29.89 54.52 54.10 16.29 47.12 93.81 250.69 281.72 147.17 43.30 38.86 35.96 62.15 22.13 51.60 32.94 12.61 24.44 24.07 10.69 33.35 28.00 19.46 26.57 5.32 19.42 5.87 22.21 15.51 17.38 21.04 6.55 14.35 11.06 0.73 9.24 11.29 1.83 8.81 9.80 2.09 7.54 9.79 2.07 7.47 10.04 3.37 9.21 16.04 10.30 5.67 3.42 3.34 2.29 5.29 6.08 3.70 8.50 3.23 4.52 6.53 3.77 4.61 9.80 4.83 7.71 8.39 0.96 4.69 5.77 2.96 3.57 5.44 3.07 3.12 4.29 6.66 0.57 8.45 6.26 3.21 9.08 7.28 2.91 12.76 11.00 4.90 15.66 13.73 1.84 26.56 47.97 52.07 39.65 19.90 2.00 9.76 6.67 1.29 3.30 2.84 1.46 2.15 1.99 0.70 0.76 1.21 1.33 1.61 0.62 0.77 0.26 1.74 1.16 1.16 1.29 0.90 0.12 2.25 2.20 1.70 2.89 0.87 0.98 1.69 2.30 0.69 3.01 1.67 1.29 1.64 2.83 0.69 5.53 8.95 6.53 3.04 1.12 0.24 0.82 2.14 1.45 2.37 2.16 0.60 1.10 2.85 2.25 1.83 2.85 1.53 0.55 2.39 1.99 1.16 2.63 0.49 1.92 1.58 1.29 0.75 2.85 1.83 1.60 2.86 1.49 1.43 2.23 2.50 1.75 2.94 2.44 3.26 6.80 2.35 11.20 22.27 23.40 22.77 19.44 7.36 6.54 6.02 1.25 3.34 0.65 2.49 0.33 2.06 1.12 2.53 1.96 3.35 4.12 5.35 6.61 6.55 7.08 6.44 6.14 6.00 5.35 5.65 4.86 5.03 4.52 3.73 3.46 1.84 1.29 2.29 2.21 1.34 1.43 1.68 3.81 2.97 6.76 6.37 6.34 12.98 16.75 14.84 7.37 7.45 6.93 2.71 1.67 5.36 6.75 3.11 2.92 4.82 5.95 7.38 10.99 10.28 15.06 15.79 18.35 19.55 17.07 18.28 14.68 17.10 15.41 15.65 14.85 10.15 10.33 4.29 4.26 2.60 3.12 2.56 7.69 3.64 5.02 6.80 6.37 3.22 22.29 34.16 34.13 28.89 13.63 9.72 12.89 3.61 5.65 0.74 4.86 2.52 4.63 2.99 2.08 1.45 2.77 2.80 4.26 5.58 4.29 5.22 1.94 
Decoded char: D
End marker detected, stopping data reception.
abcdABCD
End printing finished, idle state.
Start marker detected
Preamble detected, starting data reception
Process FFT and decode now
Magnitudes:
0.25 2.23 0.44 2.54 0.59 2.75 1.50 2.36 2.18 1.66 2.39 1.28 2.50 0.80 2.87 0.31 2.82 1.15 1.89 1.98 0.99 2.38 4.44 2.27 3.23 1.94 2.86 3.16 1.57 3.50 0.29 2.97 0.37 2.64 0.23 2.99 1.03 3.18 2.26 2.12 3.16 1.19 0.47 3.41 3.39 2.88 3.36 1.23 3.87 0.58 3.46 0.84 3.12 1.37 3.22 2.00 3.14 3.00 2.24 3.56 1.30 3.73 0.98 4.85 2.15 2.44 1.18 2.87 1.62 2.50 1.93 2.21 2.28 2.01 2.90 1.48 3.40 0.65 3.55 0.16 3.62 0.79 4.12 1.74 6.87 11.77 8.44 2.31 0.92 1.07 0.44 0.52 0.82 0.20 0.45 0.13 0.25 0.84 0.84 1.65 1.79 3.08 3.44 5.96 9.45 14.81 56.50 72.31 39.55 7.90 20.65 1.26 15.35 1.99 12.26 3.81 10.31 5.34 8.76 6.91 6.89 7.96 4.98 8.41 3.51 8.98 1.96 8.93 1.59 11.65 3.28 9.47 4.73 8.19 5.73 7.67 7.40 6.86 9.31 5.15 10.57 3.09 11.22 1.58 11.97 1.85 12.88 4.01 13.79 8.60 10.39 8.92 11.00 12.31 9.73 15.72 7.50 19.11 4.57 22.85 0.87 27.40 5.28 32.67 14.31 39.43 28.91 52.36 62.98 93.77 296.01 329.46 160.19 25.34 63.75 3.68 38.32 3.58 26.22 7.51 17.83 8.96 11.47 8.36 7.49 7.38 4.99 6.69 2.66 5.21 0.79 1.72 6.59 7.71 0.42 4.96 1.16 3.80 1.47 2.52 1.14 1.90 1.27 1.77 1.56 1.41 1.04 1.14 0.67 0.89 1.35 1.29 0.36 4.18 9.28 5.30 5.54 6.06 5.35 8.51 4.44 11.25 3.21 14.52 1.57 19.22 3.57 25.02 11.42 32.07 24.79 45.01 56.78 86.59 284.64 328.68 165.85 26.90 70.82 3.89 45.41 4.30 33.47 9.43 25.18 12.64 18.23 13.62 13.14 13.69 9.57 14.08 5.81 13.56 1.51 6.90 10.92 21.05 4.10 13.70 5.17 11.70 6.95 9.85 8.84 7.22 9.64 4.83 9.69 3.20 10.11 1.39 10.64 1.33 9.99 3.96 7.55 3.93 8.43 6.29 6.14 6.62 5.36 7.80 4.43 9.11 2.84 10.11 0.93 10.60 2.12 10.84 4.44 11.38 7.38 13.22 13.73 19.86 53.90 51.91 21.47 2.52 4.99 0.79 1.62 0.88 0.48 0.84 1.02 0.51 2.23 1.51 2.15 2.54 1.39 2.59 1.52 3.31 2.63 9.92 10.86 7.04 2.30 3.14 2.24 2.56 2.57 1.81 2.37 1.59 2.27 1.58 2.57 1.27 2.79 0.79 2.52 0.40 2.16 0.08 2.33 0.52 3.91 1.73 3.34 2.87 2.21 3.18 1.24 2.95 0.96 3.10 0.71 3.58 0.15 3.73 1.10 3.36 1.79 2.76 1.99 2.35 2.65 5.00 4.08 2.63 4.22 2.22 5.06 1.55 5.85 1.00 6.48 1.90 6.68 3.40 6.62 4.79 7.62 7.96 9.60 16.80 9.59 47.08 56.30 29.32 2.87 8.20 1.80 6.01 1.21 2.81 1.29 0.40 1.26 1.41 2.07 2.02 1.16 1.73 0.55 1.36 1.32 1.91 2.14 3.43 1.07 1.57 0.47 1.49 0.53 1.96 1.47 2.00 1.94 1.50 1.61 0.83 0.99 0.87 1.20 1.41 1.76 1.54 1.90 1.16 1.87 0.44 1.09 0.71 1.81 0.55 2.36 0.87 2.25 1.16 3.37 0.52 5.31 3.01 5.30 6.12 4.18 6.92 5.73 12.48 9.71 50.42 70.91 49.90 12.23 11.91 5.33 6.32 4.76 3.29 3.40 2.13 2.75 1.21 2.20 0.84 2.69 1.21 1.37 1.29 0.66 0.08 1.41 1.87 1.54 1.07 0.48 1.25 1.02 0.11 0.67 0.17 0.62 0.63 0.45 0.63 0.97 0.33 0.65 0.76 0.53 0.32 0.56 0.69 1.34 1.50 0.34 0.79 0.30 0.86 0.87 0.24 0.86 0.36 0.30 0.21 0.27 0.35 0.65 0.56 1.34 1.35 1.02 2.45 1.51 1.99 
Decoded char: H
Process FFT and decode now
Magnitudes:
0.88 1.50 0.53 0.64 0.62 0.42 0.92 0.30 0.92 0.61 0.60 0.59 0.32 0.20 0.09 0.55 0.94 0.74 2.83 0.14 9.16 18.36 18.40 8.39 2.65 5.49 0.88 3.49 2.19 1.60 2.26 0.38 1.55 0.58 0.62 0.26 0.80 1.42 0.89 5.22 2.84 14.12 37.33 46.07 29.56 1.65 13.08 6.31 6.64 7.73 2.03 7.47 1.68 5.70 4.06 2.96 4.56 0.51 3.38 0.76 1.36 0.76 1.49 14.34 28.46 26.54 7.30 10.09 9.12 3.78 9.25 1.09 7.68 4.59 4.78 6.44 1.21 6.20 1.89 3.91 2.86 0.50 0.98 1.00 20.61 51.17 61.59 32.99 10.82 26.29 3.35 21.48 13.28 14.57 20.46 5.11 24.34 6.66 23.83 19.94 17.77 34.17 4.26 50.82 25.42 84.05 192.90 205.21 114.38 4.76 41.03 17.84 16.87 18.26 4.07 14.66 3.33 9.92 6.72 5.29 7.96 1.22 8.11 2.87 8.29 9.38 9.35 40.16 60.06 49.36 13.78 16.13 15.66 5.77 16.38 2.33 15.21 10.06 11.30 17.23 3.86 22.75 7.87 24.99 25.09 21.23 52.93 3.01 132.60 229.91 205.06 83.37 25.23 45.50 3.94 27.27 13.94 13.84 16.82 3.87 15.56 5.01 11.99 10.32 6.96 14.22 1.17 17.52 9.51 24.81 56.38 57.74 30.39 1.30 11.13 3.97 5.34 4.47 2.35 3.97 1.09 3.08 1.31 2.08 1.51 1.31 1.68 1.90 3.60 6.90 7.18 39.16 64.58 55.76 15.56 19.77 18.87 7.70 20.58 2.49 19.52 12.38 14.58 21.15 5.26 27.21 8.51 28.96 27.41 24.09 56.58 4.21 137.60 232.48 202.50 80.39 22.82 39.86 2.66 20.60 8.97 8.17 7.61 1.07 2.49 0.67 3.52 3.88 6.94 14.75 3.10 32.94 19.09 71.84 187.25 222.96 136.46 4.12 59.59 25.80 29.86 31.88 9.07 29.80 6.10 22.76 16.03 13.16 21.40 2.27 22.43 9.04 19.07 19.81 12.42 38.66 30.60 5.84 2.91 6.85 8.36 5.23 11.88 2.13 11.91 6.50 8.50 10.21 3.51 11.91 2.21 12.16 9.14 9.77 18.65 1.85 38.57 58.33 44.80 14.60 5.18 6.15 1.68 2.94 1.79 1.72 0.57 1.60 1.46 0.50 1.50 1.74 0.89 1.50 2.57 1.04 2.34 4.48 6.90 9.31 5.75 2.67 6.63 1.77 5.88 4.90 2.66 5.67 0.88 4.31 2.79 2.89 3.68 1.71 4.76 1.24 4.85 4.29 3.01 7.21 2.64 4.29 2.46 4.25 4.54 2.80 6.35 0.18 6.97 3.72 5.54 7.08 2.38 9.31 2.94 10.21 9.63 8.89 20.86 1.70 52.17 89.15 78.48 31.53 9.28 16.78 1.46 9.85 5.42 4.65 6.35 1.00 5.40 2.01 3.67 2.97 2.09 3.19 1.01 3.03 0.88 2.32 0.84 2.52 2.74 0.18 1.88 1.18 0.96 1.79 0.15 2.05 0.86 2.15 1.92 1.96 3.11 1.36 4.19 1.51 4.93 4.39 5.30 16.46 20.57 15.21 4.73 3.17 3.63 0.41 2.29 0.38 1.32 0.29 1.03 0.59 0.96 1.27 1.05 1.94 2.09 2.27 5.01 1.25 15.18 27.67 27.43 13.42 3.23 8.83 1.61 6.20 3.94 3.82 5.16 1.41 5.54 1.15 4.89 3.58 3.20 5.56 1.05 7.41 4.15 11.26 26.31 27.24 13.88 0.78 4.49 1.07 1.78 0.90 0.68 0.77 0.34 0.94 0.50 0.89 0.94 0.58 1.32 0.64 1.67 2.01 1.87 8.36 11.89 8.19 1.10 2.43 0.92 1.49 1.03 0.99 0.88 0.70 0.76 0.77 0.88 0.91 0.82 0.77 0.46 0.40 0.64 0.57 2.10 3.67 2.73 0.79 1.10 0.33 0.79 0.40 0.79 0.19 1.07 0.32 0.97 0.67 0.54 0.67 0.40 0.57 0.41 0.69 0.27 0.64 1.25 1.59 0.73 0.55 0.37 0.65 0.43 0.52 0.52 0.48 0.46 0.53 0.57 0.37 0.73 0.28 0.69 0.55 0.55 0.95 0.37 2.69 
Decoded char: e
Process FFT and decode now
Magnitudes:
1.07 3.45 2.18 1.27 3.04 1.51 2.02 3.57 0.91 3.68 3.09 1.70 3.92 1.65 2.55 4.11 1.18 4.80 4.32 3.40 7.72 4.88 1.98 1.87 2.46 0.93 3.12 2.04 3.91 4.01 3.34 5.23 1.95 4.48 3.05 1.50 4.73 3.20 4.79 8.45 3.11 14.92 18.84 16.29 15.83 8.19 8.30 8.98 6.70 8.14 6.29 7.22 6.28 6.41 6.09 5.27 5.21 3.60 3.63 1.74 1.75 1.14 0.74 3.94 8.69 7.35 4.24 6.09 6.25 6.72 7.69 7.02 7.72 6.77 6.38 6.49 5.22 7.65 4.74 10.40 3.67 12.08 10.68 7.60 40.28 72.69 69.61 27.54 11.44 6.86 15.83 11.75 20.06 23.82 22.39 30.68 24.54 31.72 26.02 28.87 25.98 25.84 25.38 26.60 24.76 35.35 30.88 25.44 49.67 28.83 30.47 31.84 18.22 26.66 10.62 16.75 7.71 8.61 5.06 8.31 7.25 7.72 11.18 5.90 9.87 6.75 2.27 24.66 56.81 55.31 18.54 14.30 18.22 15.83 7.06 30.43 15.49 33.90 35.40 25.70 45.98 16.72 41.43 22.39 24.68 26.28 32.00 16.84 105.56 192.43 157.55 44.75 25.63 9.94 21.80 18.35 20.81 21.29 19.75 15.48 17.44 8.20 17.31 8.09 24.02 19.97 26.19 44.58 9.71 88.71 154.16 166.27 116.29 28.93 35.79 35.65 4.43 25.53 11.72 10.46 14.81 4.56 9.33 12.44 0.65 13.29 10.30 6.56 17.14 9.70 20.07 63.96 89.08 66.03 16.10 15.27 9.31 17.88 4.59 27.81 18.98 32.34 35.10 29.43 45.80 23.10 44.75 23.54 29.62 27.40 29.03 19.22 116.18 217.68 188.74 67.48 22.72 18.60 23.82 8.63 20.32 16.81 10.60 12.50 2.68 1.15 3.40 8.33 11.12 7.84 17.06 11.98 19.77 55.62 168.46 203.06 112.24 20.53 29.72 30.31 32.26 25.98 50.25 24.24 52.38 32.34 40.18 37.22 20.68 32.31 4.18 19.32 11.89 13.40 15.10 44.82 43.24 19.60 4.97 4.00 1.05 6.85 3.08 12.35 9.68 15.41 16.82 13.82 20.08 10.15 17.42 8.41 10.73 7.39 7.98 5.28 18.30 30.33 18.52 1.98 3.03 4.24 2.74 2.55 4.65 2.45 4.38 7.41 2.21 9.06 5.40 5.99 8.79 1.52 8.26 11.43 1.10 25.48 45.29 45.29 29.53 8.16 8.81 9.12 3.50 6.87 2.66 5.36 3.13 5.14 4.15 5.23 5.09 4.97 5.72 4.10 6.14 2.93 6.49 10.70 14.63 13.78 4.98 2.27 2.04 4.44 2.80 7.16 6.61 8.34 9.32 8.83 10.71 9.40 10.97 10.07 10.48 10.63 10.30 10.84 13.63 5.41 14.03 17.72 8.59 12.97 8.74 8.07 7.32 4.01 5.37 2.28 4.83 2.43 5.20 3.17 4.62 3.39 3.00 1.47 1.40 4.61 15.50 20.85 15.03 3.85 5.18 5.93 1.48 4.62 3.24 2.48 3.24 3.31 1.11 4.80 3.36 4.31 6.73 3.14 7.44 4.44 4.80 3.83 11.95 13.63 3.73 5.37 5.00 4.13 3.00 7.02 2.39 6.99 7.29 2.56 9.62 5.00 6.76 12.48 2.19 16.19 16.58 11.98 46.32 59.77 50.27 28.71 4.80 13.67 8.67 7.12 7.29 4.95 5.67 5.36 5.22 6.35 5.15 5.83 5.40 2.95 5.09 4.09 4.55 14.11 36.00 39.17 21.74 3.75 4.85 5.58 1.38 3.89 3.26 1.55 2.66 0.13 1.21 0.34 0.87 0.46 0.80 0.36 0.30 0.82 1.27 4.15 4.02 0.28 2.83 1.98 2.93 2.36 1.91 2.74 1.11 2.32 3.14 1.06 4.23 3.32 3.13 6.33 1.76 7.82 8.51 5.39 25.62 37.73 33.41 16.86 0.36 7.59 3.60 2.89 3.29 0.81 2.12 0.50 1.73 0.73 1.95 0.59 2.59 1.44 2.72 5.95 0.99 15.83 34.93 40.76 27.73 5.89 9.12 9.23 0.38 7.18 4.51 2.60 5.47 2.13 3.20 4.63 0.52 4.33 3.48 1.97 4.52 1.00 3.81 4.86 
Decoded char: l
Process FFT and decode now
Magnitudes:
0.84 2.71 1.31 2.53 1.23 5.37 4.07 5.19 6.01 2.32 3.86 3.92 2.06 4.71 6.13 3.11 5.86 2.56 2.92 1.56 5.60 7.53 3.31 0.93 0.88 0.39 3.01 3.72 2.91 5.19 2.61 2.38 3.65 3.29 3.20 7.37 4.58 6.89 6.61 2.60 5.92 6.90 21.25 22.95 10.92 2.02 2.72 1.46 2.72 0.46 1.44 0.20 1.21 0.69 1.28 1.24 0.48 0.94 0.32 0.70 0.53 1.43 0.69 4.48 6.17 4.00 1.12 0.16 0.88 1.68 1.77 2.51 3.45 2.07 3.32 3.77 2.22 6.08 9.12 5.80 13.41 7.49 10.65 9.19 35.07 75.63 69.88 23.40 16.37 6.99 17.98 18.10 11.63 18.37 7.18 7.89 7.56 4.03 4.55 8.41 3.57 4.43 1.80 0.45 3.52 6.82 32.17 47.97 29.68 8.31 11.36 10.79 21.84 10.49 20.87 14.50 6.20 11.03 10.61 5.71 15.88 13.08 9.41 10.70 2.99 1.75 1.73 25.96 57.61 52.19 11.45 24.06 4.97 38.29 26.87 33.22 39.01 9.72 22.52 27.29 17.77 35.92 54.16 27.45 60.15 30.65 37.30 29.69 98.48 185.63 149.97 44.98 23.47 7.33 17.95 12.49 6.09 4.01 1.59 2.78 6.76 6.84 9.38 25.59 17.76 32.32 33.80 14.28 34.87 52.91 166.96 191.38 93.49 27.34 33.55 23.89 46.03 19.85 36.21 23.85 10.56 17.11 13.86 6.33 23.09 19.37 16.68 24.35 3.35 19.09 10.30 62.06 93.61 65.18 10.74 22.25 2.72 28.17 18.55 23.83 27.75 7.20 18.10 19.35 11.49 28.92 44.34 24.31 55.58 29.32 37.25 31.05 108.71 215.74 184.10 56.39 39.13 15.93 35.46 33.20 17.45 24.43 8.54 5.42 5.25 2.34 0.45 7.07 7.36 18.10 22.46 11.16 29.75 48.36 164.03 200.67 104.37 32.99 40.96 32.20 63.53 28.42 51.88 35.01 13.24 24.03 23.37 9.45 35.95 30.56 23.88 34.35 4.38 21.43 10.46 43.56 45.61 18.32 2.04 0.92 0.38 7.44 6.14 9.76 12.01 3.41 8.01 8.69 5.13 11.56 16.44 8.32 17.06 8.08 9.17 6.71 17.51 27.36 16.30 2.87 0.41 0.87 3.72 5.52 4.78 9.43 4.33 5.57 6.49 5.01 5.65 14.32 8.62 14.70 14.02 5.61 12.53 16.58 48.09 50.81 23.05 7.14 6.63 5.81 9.16 4.06 6.06 3.74 1.68 2.32 1.33 0.60 2.42 1.89 2.14 3.18 0.72 3.39 1.57 10.90 17.67 12.87 2.84 4.20 1.26 6.00 3.98 4.10 4.40 1.06 1.99 2.11 1.03 2.13 2.44 1.24 1.45 0.59 0.75 0.79 5.37 14.32 15.45 5.82 4.68 2.35 5.84 6.49 3.56 6.07 2.49 1.47 2.79 3.08 1.90 4.00 2.15 1.61 1.30 0.42 1.71 3.66 15.51 22.42 12.90 5.12 7.22 4.93 11.01 4.63 8.91 6.03 2.10 4.00 5.00 1.93 7.22 6.38 3.99 5.77 0.37 2.45 0.85 0.99 9.65 12.14 3.15 7.50 1.59 12.18 8.70 10.67 12.87 2.94 7.84 9.08 5.68 12.47 18.85 9.61 21.71 10.74 14.05 10.71 36.50 69.23 56.09 16.38 9.97 3.62 7.87 6.48 3.22 3.56 1.00 0.56 0.45 1.49 1.36 5.06 3.61 6.64 7.20 3.44 8.14 10.89 35.49 40.65 20.27 4.68 5.64 4.21 7.47 2.77 5.24 2.75 1.25 1.30 1.07 0.32 0.67 0.39 0.50 0.75 0.97 0.60 1.42 2.64 3.16 1.86 0.71 1.61 1.30 3.26 3.50 3.31 4.83 3.16 3.26 5.76 4.75 6.66 9.56 5.54 10.23 6.16 5.98 5.78 20.48 41.35 36.15 11.43 7.17 3.37 5.98 5.43 2.89 4.34 0.73 2.07 0.21 1.82 1.06 3.07 2.81 3.85 5.30 1.82 6.25 10.87 36.02 44.29 23.77 6.37 7.96 6.79 13.08 5.74 11.46 7.34 3.20 5.13 4.98 2.03 7.72 6.54 5.11 7.14 1.35 4.35 1.82 4.48 
Decoded char: l
Process FFT and decode now
Magnitudes:
0.23 2.01 2.65 3.51 3.75 2.98 1.82 0.55 1.49 2.13 2.88 3.18 2.93 3.65 1.79 0.72 3.50 6.47 4.86 11.19 14.93 14.23 16.01 11.80 4.79 0.97 3.66 4.25 0.68 0.48 1.96 2.87 2.83 2.11 2.68 2.17 1.44 2.39 9.49 8.26 16.57 37.52 42.12 45.12 47.54 28.76 2.65 12.49 13.59 8.66 2.66 10.48 9.39 2.75 5.13 8.50 4.81 1.44 3.44 3.27 2.02 2.34 6.07 17.71 27.83 29.43 24.31 11.20 6.44 14.80 10.75 0.97 8.11 9.29 4.26 3.32 4.76 9.29 3.53 1.66 4.44 11.39 15.34 13.24 25.45 70.70 74.50 29.35 27.24 15.29 24.23 34.05 9.62 12.16 26.60 27.18 6.57 29.83 29.39 11.99 14.78 38.44 36.04 5.05 50.57 106.30 120.82 110.11 100.46 57.27 14.93 23.09 6.38 3.91 2.57 5.24 11.41 10.60 12.31 14.08 8.26 1.68 20.80 27.38 10.08 20.63 68.24 96.66 85.51 94.81 85.04 34.80 37.90 25.48 0.81 3.35 17.69 20.71 26.48 26.56 26.09 12.54 0.91 20.31 44.71 35.47 58.82 39.97 67.90 162.72 140.55 37.99 38.88 21.95 21.58 25.55 6.13 6.51 10.51 3.07 7.73 5.22 8.98 4.91 4.06 18.33 24.30 35.79 44.79 25.03 126.88 158.18 73.04 34.94 55.24 21.49 47.77 25.83 2.81 19.58 36.59 20.08 30.16 33.36 10.45 6.74 31.77 36.50 4.06 38.56 49.11 119.00 163.14 118.04 44.35 37.70 9.19 38.39 31.54 2.33 10.22 28.60 27.74 22.46 33.43 12.99 5.29 21.84 47.02 26.50 56.77 36.17 75.98 167.30 136.78 25.81 51.30 39.39 27.64 27.05 7.97 2.92 10.55 11.27 7.90 2.59 3.05 3.96 3.63 22.50 21.93 26.07 42.24 37.24 155.19 190.44 89.65 44.33 64.51 31.90 62.77 30.57 5.44 19.58 44.45 28.43 34.78 34.22 11.10 1.82 33.33 38.45 11.61 32.10 26.24 68.38 77.25 44.27 19.31 5.49 5.40 3.54 3.97 1.67 2.02 8.75 11.24 10.10 12.35 4.74 1.61 6.51 14.10 5.44 13.58 7.39 23.42 41.18 31.74 14.29 6.42 2.22 4.32 1.40 2.68 3.15 3.29 3.36 4.16 7.07 5.42 3.23 3.14 9.94 11.89 17.35 18.22 10.52 25.08 24.72 9.11 12.02 12.03 7.86 4.91 1.85 2.86 4.21 3.50 1.43 1.52 3.73 4.08 2.50 3.06 3.81 4.43 4.26 9.50 9.05 2.58 8.53 8.93 7.57 6.92 5.04 3.55 1.30 0.84 3.03 2.60 2.73 4.27 1.22 1.82 3.39 4.28 3.50 1.68 12.72 26.59 29.06 28.62 28.95 15.50 6.80 10.66 5.69 3.15 3.55 7.47 3.50 1.39 2.93 7.20 4.57 3.27 6.96 6.33 0.35 6.89 11.52 21.54 25.22 13.57 4.71 8.61 5.18 3.39 1.92 1.55 3.69 2.16 4.37 3.16 5.32 6.11 0.75 4.03 8.49 8.15 7.79 24.64 36.04 46.73 41.11 18.97 11.56 2.65 13.98 12.02 0.79 2.39 10.70 12.08 9.73 12.20 4.35 1.58 6.54 13.77 12.56 19.00 18.70 22.15 28.00 22.45 20.22 15.61 9.04 5.57 0.68 2.77 1.30 2.73 3.75 2.68 2.49 2.99 2.81 2.17 4.68 4.68 6.20 10.40 10.92 14.98 17.31 15.91 11.50 6.38 3.76 1.18 3.78 2.78 2.47 1.97 2.26 2.18 3.16 3.27 2.09 1.91 2.68 2.41 1.88 2.73 3.52 1.97 1.62 3.83 3.82 2.17 2.45 2.75 2.35 2.34 4.36 4.63 3.59 3.79 2.22 1.68 4.19 7.42 8.40 10.82 11.54 8.58 14.58 17.93 11.72 8.73 8.34 3.56 3.61 0.75 2.13 0.47 2.49 1.64 1.86 3.39 2.71 2.40 4.25 11.55 8.65 19.15 43.67 44.03 44.39 56.69 38.19 10.98 19.69 12.06 6.85 4.30 13.38 7.23 3.26 2.70 8.48 7.68 1.55 5.15 8.40 8.27 6.95 12.89 9.33 
Decoded char: }
End marker detected, stopping data reception.
abcdABCDHell}
End printing finished, idle state.
Start marker detected
Preamble detected, starting data reception
Process FFT and decode now
Magnitudes:
0.10 2.09 0.35 2.10 0.67 2.08 1.09 1.97 1.56 1.73 2.00 1.38 2.36 1.03 2.62 0.86 2.88 0.89 3.36 1.20 5.15 7.05 3.79 0.67 0.99 0.59 1.09 1.23 0.86 1.56 0.65 1.68 0.58 1.70 0.49 1.70 0.45 1.63 0.69 1.49 1.02 1.37 1.26 1.33 1.49 1.22 1.75 0.93 1.93 0.66 1.82 0.83 1.38 1.04 0.86 0.84 0.91 0.28 1.26 1.34 1.32 3.83 1.04 15.64 27.59 21.27 1.88 9.24 2.98 6.37 3.90 4.42 4.39 2.71 4.37 1.32 3.97 0.37 3.47 0.24 3.09 0.74 2.82 1.33 2.49 1.87 2.03 2.14 1.54 1.98 1.24 1.39 1.14 0.44 0.98 0.76 0.74 2.02 1.28 3.45 2.89 5.59 6.12 10.00 15.48 23.94 89.51 113.34 61.71 12.00 31.49 3.11 23.18 3.62 18.56 6.16 15.25 8.18 12.63 9.89 10.38 11.51 8.17 13.09 5.70 14.46 2.83 15.38 0.50 15.69 3.62 15.43 6.79 14.80 9.94 13.96 13.32 12.90 17.32 11.41 22.40 9.02 29.31 4.97 39.79 3.10 59.95 22.62 133.56 260.59 222.44 67.58 42.24 34.93 15.89 23.27 5.62 16.12 2.04 10.78 3.14 6.51 3.74 3.15 3.35 1.06 2.22 1.87 0.78 2.86 1.65 3.18 3.65 2.83 5.67 1.90 7.57 1.01 9.29 2.62 10.81 5.69 12.07 9.99 13.00 16.12 13.52 25.88 13.64 46.24 13.43 141.25 207.38 138.10 12.55 43.40 12.02 23.56 11.39 14.41 10.57 8.87 9.52 5.08 8.22 2.40 6.72 0.56 5.09 0.64 3.39 1.16 1.73 1.07 0.77 0.51 1.68 1.33 2.62 3.33 3.05 6.01 2.70 9.36 1.32 13.46 2.04 18.58 7.77 25.52 19.01 37.17 46.80 70.91 236.06 274.49 138.36 24.73 61.35 4.32 40.54 3.78 29.90 8.02 22.97 10.59 17.88 12.28 13.83 13.51 10.30 14.42 6.96 14.98 3.64 15.02 0.43 14.44 2.68 13.28 5.30 11.71 7.43 9.99 9.16 8.26 10.73 6.53 12.41 4.60 14.47 2.16 17.35 1.35 22.64 8.15 42.34 75.11 56.98 14.58 8.53 5.06 2.68 1.85 1.06 0.45 0.58 0.52 0.55 0.85 0.64 1.12 0.69 1.38 0.77 1.59 1.02 1.71 1.43 1.68 1.94 1.47 2.47 1.07 2.92 0.51 3.19 0.53 3.16 1.28 2.77 1.95 2.06 2.29 1.20 2.12 0.60 1.38 0.85 4.77 10.37 9.78 1.34 4.88 1.51 3.95 1.92 3.47 2.52 2.97 3.17 2.29 3.69 1.43 3.98 0.47 4.00 0.46 3.78 1.26 3.40 1.91 2.94 2.46 2.40 2.92 1.75 3.26 1.02 3.40 0.29 3.31 0.48 3.03 1.04 2.62 1.43 2.19 1.62 1.82 1.56 1.34 0.58 5.12 4.75 1.52 4.19 0.53 4.10 0.61 3.80 1.42 3.30 1.98 2.79 2.31 2.43 2.57 2.22 3.01 1.91 3.64 1.29 4.26 0.31 4.57 0.91 4.43 2.02 3.93 2.79 3.42 3.24 3.22 3.76 3.27 4.86 3.20 6.86 2.60 9.96 1.16 15.27 4.49 32.40 59.03 48.17 14.43 7.94 6.50 2.81 3.76 1.14 2.37 0.49 1.42 0.75 0.50 0.98 0.45 0.82 1.29 0.28 1.85 0.53 2.05 1.38 2.01 2.17 1.90 2.99 1.61 4.02 0.80 5.08 1.00 5.72 3.21 5.56 5.64 4.59 7.86 3.30 10.13 2.32 14.80 1.78 42.38 66.35 45.97 4.06 16.65 6.03 9.22 7.10 4.33 6.79 0.75 5.23 1.61 3.08 2.33 1.13 1.93 0.20 1.07 0.39 0.45 0.12 0.42 0.37 0.79 0.35 1.42 0.31 1.83 1.48 1.61 2.72 1.08 3.49 2.14 3.34 4.08 2.25 5.79 2.23 7.02 6.14 9.56 27.48 30.09 14.91 2.84 7.26 2.36 4.90 3.41 3.23 3.59 2.56 2.89 2.70 1.85 2.59 1.42 1.91 1.66 0.93 1.70 0.26 1.47 
Decoded char: T
Process FFT and decode now
Magnitudes:
0.95 1.81 0.82 0.85 1.22 0.38 1.35 0.49 1.19 0.77 0.86 0.78 0.54 0.48 0.42 0.06 0.94 0.47 2.74 0.35 9.31 18.30 18.07 8.34 2.36 5.51 0.99 3.73 2.56 1.92 2.96 0.35 2.34 0.74 1.01 0.54 0.34 1.37 0.69 5.26 3.29 14.02 37.56 46.23 29.72 2.02 13.38 7.08 6.57 8.66 1.49 8.15 2.36 6.15 4.72 3.31 5.33 0.55 4.18 1.13 1.62 0.15 2.02 14.11 27.41 25.97 8.28 8.93 9.65 2.38 9.27 2.44 7.21 5.60 4.00 6.83 0.56 5.98 2.03 3.45 2.27 0.67 2.19 0.96 22.00 52.12 60.54 31.67 10.38 25.05 3.44 20.63 13.13 14.17 20.36 5.11 24.48 6.30 24.49 19.52 19.11 34.22 5.93 51.67 24.03 85.40 192.23 203.96 114.50 5.64 41.01 18.28 16.91 18.43 4.22 14.53 3.27 9.48 6.27 4.74 7.16 0.84 7.22 2.94 7.53 9.35 8.71 40.08 60.66 49.58 13.38 16.49 15.67 6.04 16.79 2.39 15.84 10.52 11.98 18.06 4.47 23.92 7.42 26.41 24.89 22.77 53.01 4.45 132.95 228.56 204.54 84.38 24.76 46.23 3.48 28.01 13.52 14.79 16.32 4.86 15.05 3.94 11.41 8.90 6.49 12.40 2.40 15.43 10.04 22.67 56.50 59.82 30.54 2.03 11.66 1.94 6.24 3.05 3.29 3.20 1.44 2.74 0.83 1.91 0.84 1.10 0.36 1.21 2.22 5.78 5.67 37.32 65.78 58.32 15.26 22.51 19.69 9.91 22.20 1.76 21.42 12.36 16.32 22.16 6.50 29.06 9.06 31.00 29.36 25.27 59.54 3.92 140.43 234.46 200.81 77.78 22.58 37.53 1.80 19.10 7.43 7.82 6.04 1.95 2.20 1.23 3.74 5.90 5.66 15.95 1.22 33.14 20.74 71.48 188.54 223.58 135.42 3.13 58.99 24.63 30.05 31.01 10.00 29.73 5.51 23.30 15.75 13.73 21.21 2.89 22.08 8.03 19.04 18.51 13.17 37.95 29.39 5.59 2.51 7.14 8.11 5.38 11.59 2.03 11.95 6.08 9.25 10.46 4.15 12.73 2.42 12.32 9.57 9.06 17.91 1.90 37.16 56.93 45.02 16.32 3.90 6.29 1.57 1.95 1.93 0.82 1.15 1.92 0.96 2.01 2.10 1.34 2.81 1.33 2.58 2.50 1.27 3.61 5.00 9.27 7.81 1.65 6.03 2.35 4.88 4.40 2.76 5.65 0.75 5.42 3.07 3.72 4.90 1.19 5.34 2.13 4.33 4.53 2.26 6.75 3.10 4.06 2.88 3.71 4.97 1.82 6.25 0.89 6.40 4.01 5.12 7.05 2.21 9.40 2.67 10.31 9.58 8.74 20.54 1.59 51.46 88.84 79.14 32.18 9.58 17.36 1.36 10.20 5.24 4.95 6.18 1.05 5.44 1.84 3.82 3.28 2.00 3.62 0.83 3.14 1.31 2.16 1.49 2.18 2.90 0.22 2.24 1.17 1.45 1.94 0.40 2.29 0.81 2.12 1.98 1.42 2.94 0.28 3.57 1.50 3.92 4.41 4.12 16.06 21.62 16.10 4.25 4.34 3.96 1.44 3.26 0.84 2.15 1.24 0.88 0.96 0.18 0.13 0.48 1.37 1.18 2.32 4.34 1.49 14.86 27.44 27.65 13.52 3.56 9.09 1.35 6.74 4.12 4.39 5.84 1.83 6.49 1.89 5.89 4.67 3.98 7.19 1.44 9.26 5.47 12.57 28.57 27.53 11.56 3.08 4.19 2.20 4.27 2.48 4.32 3.29 3.86 3.75 3.40 3.58 3.34 3.09 3.38 3.14 2.98 4.29 1.92 9.04 14.25 10.21 1.69 4.92 2.74 2.96 3.02 1.43 2.51 0.84 1.55 0.94 0.66 0.81 0.47 0.58 0.66 0.50 0.89 0.58 1.85 3.71 2.92 0.91 0.44 0.85 0.59 0.74 1.05 0.40 1.27 0.29 1.19 0.66 0.86 0.92 0.40 0.94 0.11 0.78 0.47 0.53 1.42 1.64 0.61 0.57 0.36 0.57 0.39 0.52 0.53 0.37 0.66 0.16 0.71 0.12 0.67 0.35 0.58 0.59 0.47 0.96 0.36 2.68 
Decoded char: e
Process FFT and decode now
Magnitudes:
0.30 1.56 1.20 1.16 2.01 0.72 2.08 1.27 1.09 1.70 1.20 0.89 3.15 1.66 3.58 5.23 0.67 8.08 8.21 6.19 33.85 57.47 54.68 26.75 2.78 11.48 8.48 1.33 9.12 5.88 5.56 8.41 1.94 6.55 3.61 2.16 3.85 1.79 2.34 2.48 2.66 3.76 20.92 30.69 19.07 4.16 6.23 7.20 6.82 6.75 12.36 5.62 14.00 7.94 10.79 9.96 4.37 8.46 2.45 3.56 6.54 3.58 7.13 12.03 5.58 3.54 3.70 5.77 3.87 8.15 5.73 9.68 8.11 9.13 9.13 7.07 7.82 5.20 5.27 5.20 3.22 7.43 6.54 6.67 39.38 80.42 85.94 41.75 11.35 17.53 22.38 7.20 29.55 29.87 27.58 46.36 24.67 49.85 30.53 37.89 36.63 14.30 31.74 22.05 24.76 63.39 161.06 164.38 73.94 14.70 14.58 14.75 17.58 13.17 17.05 12.79 10.72 9.63 5.66 7.90 6.40 11.63 16.58 9.01 33.22 16.21 49.69 118.68 146.88 122.35 56.79 17.56 44.37 14.29 27.42 20.38 13.53 17.89 9.12 18.23 10.24 26.36 13.60 36.04 23.38 42.00 41.29 37.91 83.07 76.18 77.81 68.07 24.95 44.03 29.47 30.20 28.61 20.72 24.98 14.40 19.70 10.60 14.79 9.32 12.55 10.37 11.64 9.58 11.19 3.71 39.77 60.93 42.79 5.25 19.17 18.83 1.43 19.81 16.64 8.70 24.73 9.92 18.82 26.12 1.46 30.81 28.97 16.74 56.16 26.41 73.98 168.89 196.05 153.47 66.74 23.39 47.85 15.70 29.28 18.10 18.75 18.46 18.43 23.03 23.84 25.66 29.14 23.38 28.80 19.44 23.87 18.82 53.96 123.54 108.00 30.18 21.40 7.43 18.17 9.78 14.74 12.98 7.86 7.99 2.13 3.16 4.87 10.30 12.14 9.47 17.83 10.64 21.92 49.98 159.97 194.92 107.72 16.62 30.76 26.35 28.58 23.43 46.04 22.08 49.67 30.56 38.80 36.24 19.44 31.62 4.65 17.43 15.96 13.91 20.51 59.00 60.74 32.65 10.51 1.94 5.21 4.96 5.00 9.33 9.13 13.04 14.05 13.56 16.54 11.69 15.10 9.22 11.17 7.22 8.70 7.43 10.22 7.23 10.00 16.28 6.15 13.02 9.15 6.52 10.37 2.86 7.54 8.11 1.83 9.17 4.88 5.26 8.18 2.56 6.86 10.04 1.09 18.12 28.31 23.69 13.43 4.82 3.98 3.68 4.20 2.46 5.82 2.92 8.63 5.03 9.72 8.60 6.86 10.70 0.35 8.40 8.40 7.41 15.47 46.24 57.90 42.89 17.60 5.02 13.42 5.79 8.50 6.83 4.94 5.65 4.37 6.51 6.45 8.85 9.14 10.35 10.87 10.59 10.63 10.26 8.28 18.70 17.06 4.78 7.56 4.37 6.24 5.30 6.48 6.75 6.52 7.48 5.89 6.90 4.81 4.95 3.65 1.95 2.28 1.89 1.05 6.52 14.49 14.82 8.20 2.33 1.94 2.35 1.24 1.36 1.34 1.43 0.51 2.41 1.09 3.01 3.02 3.06 4.81 3.00 5.98 3.85 6.28 8.83 5.97 7.08 5.05 3.27 4.15 2.68 3.26 2.11 2.34 1.52 1.52 1.08 1.01 0.93 0.84 1.06 0.79 1.37 1.19 1.77 5.38 13.85 14.40 5.03 4.01 3.31 3.29 4.19 3.70 5.65 4.52 6.52 5.69 6.62 6.90 6.32 7.66 6.41 7.39 7.89 5.19 12.39 16.01 18.62 17.41 6.14 6.94 7.52 1.84 5.93 2.94 2.63 4.27 1.03 3.41 3.25 1.30 3.45 0.72 2.34 1.44 1.23 3.49 7.61 13.94 17.06 9.86 3.74 9.85 3.50 6.27 7.55 0.24 7.47 6.26 2.84 9.62 4.85 7.54 12.39 1.00 15.95 16.01 10.75 48.97 71.01 61.77 30.14 0.85 12.62 5.82 4.17 4.87 0.51 2.34 0.66 1.31 1.60 2.62 1.12 5.08 3.11 5.80 12.27 1.27 30.45 63.54 72.01 48.54 10.64 15.48 15.83 0.97 12.39 7.31 5.05 9.22 2.48 5.92 6.99 0.06 6.96 5.37 3.08 7.34 2.34 5.18 6.43 
Decoded char: s
Process FFT and decode now
Magnitudes:
1.01 2.97 3.01 1.39 3.99 2.84 1.34 2.10 1.21 1.51 1.23 2.09 1.07 1.95 2.73 6.16 5.73 10.77 10.66 13.82 16.68 12.21 13.67 13.77 13.91 11.96 11.59 10.98 8.44 8.58 4.54 3.72 2.85 2.78 3.34 5.93 3.34 3.54 2.43 2.08 2.31 8.11 6.13 3.79 9.34 8.68 9.14 9.53 10.06 8.87 7.69 5.59 3.14 0.98 1.64 3.82 5.09 6.11 7.01 6.85 9.02 5.30 11.53 16.56 20.86 21.36 10.66 3.36 2.91 7.73 4.28 6.15 7.55 1.35 4.14 5.01 1.65 4.39 4.49 1.79 0.52 8.46 9.11 13.22 21.71 13.14 17.83 26.76 27.77 28.37 29.00 27.81 24.26 20.39 13.68 7.60 0.41 7.63 15.40 21.49 28.96 33.39 39.88 45.81 44.00 61.70 43.31 19.61 59.42 41.95 25.32 29.05 8.18 8.29 7.53 8.38 1.37 9.15 9.10 4.67 14.70 15.51 16.86 23.11 23.47 30.79 39.28 43.07 3.21 57.54 65.85 35.06 50.70 29.82 21.14 19.66 10.56 12.62 14.02 22.87 4.02 15.85 20.29 25.65 17.95 63.33 37.92 73.65 152.73 166.51 160.03 122.42 36.82 46.30 44.21 6.10 22.04 13.13 7.36 7.68 15.12 4.57 9.43 11.16 8.76 5.26 20.41 15.07 13.02 53.29 101.46 118.28 74.88 22.66 16.80 20.56 39.37 16.99 39.15 28.82 11.97 23.65 24.10 11.07 44.86 43.51 37.80 60.43 13.61 51.22 18.54 129.12 186.28 112.46 6.34 36.62 15.63 30.52 20.75 16.64 10.11 6.45 2.75 5.42 3.42 9.86 18.70 3.11 28.45 24.32 17.18 32.34 113.38 198.83 179.68 79.68 27.56 8.35 36.70 26.65 16.79 25.09 7.25 6.34 7.90 3.79 0.74 5.09 8.35 18.21 24.63 9.95 32.63 46.22 162.42 210.64 121.96 27.13 38.16 27.77 60.01 22.35 52.13 36.08 12.57 27.44 27.74 9.83 41.42 36.17 25.93 41.78 6.66 23.21 20.21 66.15 74.69 37.26 6.12 4.53 3.14 1.00 1.36 6.04 8.70 1.32 7.90 8.91 3.09 10.88 15.52 3.77 15.32 14.03 4.62 17.52 44.35 56.45 48.38 31.32 8.59 12.18 10.28 5.49 7.36 3.94 5.17 2.72 0.86 1.74 4.34 6.89 8.55 10.78 10.57 10.78 10.09 10.08 11.08 5.19 4.04 2.47 1.35 0.96 3.42 3.10 4.38 3.96 1.88 1.19 1.78 2.72 5.41 7.57 9.54 10.55 13.39 14.01 21.54 22.11 4.30 19.14 19.13 8.72 13.82 7.60 3.52 3.30 3.35 1.35 2.83 2.19 1.47 1.89 1.02 1.75 1.59 4.27 5.46 8.33 18.85 23.88 25.01 22.19 8.19 10.47 13.20 3.00 6.82 7.32 1.94 5.30 7.32 1.66 5.32 5.66 3.95 2.20 8.18 7.93 5.34 17.79 17.42 10.35 8.27 3.84 2.46 1.08 3.95 2.13 5.84 4.56 1.97 5.43 5.09 2.10 7.90 6.54 3.54 8.13 3.94 3.78 8.83 19.16 23.12 15.69 4.51 2.39 2.83 2.69 2.04 2.91 4.01 2.00 4.49 4.56 1.45 4.54 3.15 1.74 2.95 7.41 3.76 9.70 19.38 19.13 16.36 11.37 3.14 3.77 2.54 1.52 1.35 1.54 0.65 0.39 3.23 3.61 2.42 5.98 3.66 2.90 9.49 8.73 9.03 25.05 26.91 24.00 25.88 14.63 9.54 11.49 5.34 6.01 3.60 2.56 1.95 2.04 3.28 3.39 5.66 4.50 3.57 4.65 4.36 0.81 13.98 25.62 25.63 26.01 19.31 6.60 13.41 6.68 7.78 5.88 4.05 4.18 1.52 1.46 4.70 6.61 9.19 12.52 13.30 16.73 16.46 17.82 17.06 17.04 17.21 14.22 13.54 10.49 8.48 6.67 4.45 3.81 1.95 1.84 1.37 1.57 2.40 3.11 5.21 6.74 9.19 11.34 13.19 15.82 17.55 17.04 17.33 18.54 17.48 16.64 15.04 12.60 10.45 7.28 4.57 1.62 1.16 3.23 5.33 6.35 7.07 6.90 6.20 5.43 3.90 2.41 
Decoded char: t
Process FFT and decode now
Magnitudes:
0.01 2.37 0.14 3.40 2.10 3.74 3.59 0.30 0.91 3.80 4.08 3.28 4.76 2.21 0.05 2.55 4.31 2.02 3.62 1.85 2.26 2.07 1.43 1.91 1.82 1.93 2.25 3.92 1.51 0.71 3.00 4.34 2.69 4.66 3.38 0.19 1.37 3.71 2.48 2.67 3.00 1.18 3.34 1.10 3.10 2.56 0.63 1.35 3.11 2.19 0.72 2.71 2.95 0.92 1.95 3.17 2.21 1.11 2.65 2.09 2.96 3.97 8.82 8.43 10.07 11.05 8.05 9.85 6.32 6.08 4.29 0.81 0.54 5.47 5.95 5.02 6.13 1.66 0.80 3.21 6.15 4.16 6.90 4.59 4.65 4.86 1.83 3.63 2.12 1.17 2.46 4.47 2.01 1.99 3.79 3.15 0.86 3.27 3.26 1.00 1.70 1.07 5.94 7.63 11.85 17.20 16.07 20.01 18.35 17.48 18.24 12.59 12.20 5.58 1.19 5.02 11.83 9.95 9.63 7.92 2.13 2.25 8.27 8.45 3.14 3.63 10.05 11.72 16.70 22.70 23.07 28.14 22.21 17.43 11.51 1.62 7.58 21.20 26.63 26.00 25.40 11.62 0.77 16.16 33.62 43.53 60.54 66.83 75.04 81.03 75.47 74.20 59.18 45.08 31.87 11.33 5.50 7.52 13.10 10.56 16.44 9.73 13.19 7.66 2.84 6.14 22.97 28.25 37.09 47.43 43.78 50.80 44.22 37.28 36.81 23.73 25.70 11.65 3.41 9.62 27.84 24.85 27.90 24.42 2.99 2.13 26.10 35.45 37.88 54.03 45.88 62.52 58.74 53.20 57.23 29.17 24.58 18.83 16.71 4.52 17.80 30.30 23.04 17.88 42.79 31.75 5.69 41.54 77.65 30.58 63.91 78.60 194.80 348.47 308.46 131.62 84.38 36.38 57.12 68.90 18.01 15.61 34.95 34.05 6.29 23.92 23.62 11.60 7.06 12.22 26.37 30.11 48.05 69.59 61.54 75.72 67.73 63.01 64.56 43.91 42.08 20.46 0.52 15.44 36.42 33.06 33.74 26.92 5.93 2.64 22.93 30.38 30.24 35.06 25.15 32.36 28.67 22.38 18.18 4.34 1.21 5.73 6.12 1.22 1.02 9.31 11.24 10.28 13.29 4.70 1.35 6.94 15.20 14.84 22.28 21.00 22.37 25.05 20.52 22.98 16.39 11.27 8.83 1.96 1.28 3.00 4.88 2.76 0.21 3.87 5.34 2.65 3.06 5.88 4.17 2.24 4.28 2.56 1.14 1.53 2.06 2.86 2.05 1.69 3.85 2.39 0.42 2.57 4.54 2.14 2.40 3.08 2.58 0.81 2.74 4.00 2.86 3.35 6.91 5.34 6.68 7.28 5.63 8.52 5.81 7.04 4.99 1.46 0.97 3.71 4.33 3.40 4.76 1.47 1.26 0.58 3.27 4.03 4.10 8.84 10.44 11.34 14.53 12.61 14.15 12.82 10.21 9.22 3.20 0.08 5.09 8.85 8.17 9.52 6.07 1.79 1.64 6.53 7.11 9.46 9.97 8.07 8.97 5.38 4.55 2.63 1.45 1.47 3.94 2.37 0.42 1.66 5.03 4.70 5.95 5.34 1.50 0.51 4.17 6.16 7.42 10.13 8.83 10.53 9.09 7.39 6.62 2.40 1.38 1.79 2.42 0.42 0.73 3.29 4.23 4.01 5.15 2.37 0.16 2.95 6.13 6.21 8.95 8.68 9.01 9.78 7.39 7.45 4.29 1.71 0.93 2.28 1.68 0.65 2.35 4.03 3.41 4.74 3.57 0.55 1.43 5.43 6.77 9.51 11.95 12.06 14.43 12.95 12.19 10.64 6.41 5.03 1.59 1.29 0.33 1.47 1.71 1.17 1.59 2.55 0.97 0.36 3.15 5.05 6.26 9.83 10.25 12.42 13.13 11.82 12.03 8.59 6.74 4.19 1.38 1.40 2.02 2.43 1.07 1.78 0.84 2.28 0.78 1.83 0.58 1.37 0.48 1.71 1.42 0.33 0.56 1.48 1.26 0.61 1.23 1.00 0.96 0.81 1.85 0.75 0.56 0.81 1.56 0.66 0.95 1.21 1.13 0.29 1.51 1.64 0.11 0.74 1.06 1.52 0.33 1.47 1.27 0.59 0.36 1.37 1.22 0.25 0.74 1.48 1.15 0.48 1.42 1.08 0.54 0.56 1.46 1.18 
Decoded char:  
Process FFT and decode now
Magnitudes:
0.52 0.73 1.74 2.84 1.74 1.04 0.34 2.40 2.87 2.56 1.43 0.91 1.98 2.51 2.04 2.01 0.93 1.57 1.92 6.87 8.97 9.98 11.75 8.03 6.20 4.65 1.75 2.71 3.61 4.47 2.71 2.65 1.43 2.36 2.69 2.35 1.78 1.73 1.48 0.64 9.62 17.82 21.85 26.27 23.54 16.46 11.15 1.29 6.71 7.87 8.52 3.64 5.39 6.43 6.30 3.61 4.25 4.90 2.15 1.30 2.46 3.25 6.77 10.51 16.04 18.89 14.09 10.88 3.82 5.72 8.05 8.80 5.79 4.32 7.77 7.11 5.59 3.42 6.60 3.83 2.74 1.33 2.37 9.49 18.09 28.01 37.54 35.35 27.96 14.84 6.03 18.94 22.17 17.15 3.15 18.88 24.26 20.96 3.90 20.54 31.14 30.35 11.74 24.93 61.42 94.90 117.80 115.72 97.68 66.61 26.41 2.04 16.91 21.43 10.93 2.78 3.82 9.79 7.52 3.86 1.44 7.49 9.88 5.03 1.18 11.53 24.14 28.05 32.64 32.97 24.53 19.58 7.62 8.73 14.57 17.28 11.08 8.68 17.93 19.37 14.55 7.51 23.84 27.69 24.61 2.02 37.59 72.89 110.60 131.45 124.41 103.25 62.20 15.08 11.99 26.73 25.97 6.74 8.27 9.50 15.13 7.05 8.87 1.64 13.79 12.71 9.45 1.97 23.76 37.49 34.90 33.97 22.93 11.65 12.00 4.41 5.59 2.67 10.33 9.54 8.67 4.15 4.80 9.13 11.83 10.24 5.65 3.45 9.01 15.07 29.21 27.95 35.72 39.21 18.55 29.94 17.64 13.30 13.15 30.28 31.18 26.15 30.43 26.38 36.52 40.49 61.02 26.00 27.37 39.46 118.21 87.59 141.05 308.14 268.31 87.84 109.43 89.20 25.05 9.89 32.73 47.23 33.08 22.16 2.37 14.90 22.74 17.93 20.82 17.43 10.38 4.49 55.93 96.71 111.75 128.75 110.14 73.07 47.50 5.58 28.59 32.75 35.89 15.59 21.47 26.71 26.30 15.09 17.94 25.93 20.09 11.29 11.16 20.75 19.57 28.89 19.04 2.71 1.23 6.61 4.24 6.16 7.71 12.66 10.79 8.75 13.17 11.96 9.64 7.19 15.47 11.94 8.90 3.18 16.99 21.42 30.65 34.49 27.33 22.09 12.02 3.82 3.00 3.24 3.71 3.57 2.90 4.06 1.93 3.02 3.11 4.85 3.02 1.44 1.22 4.80 6.83 5.40 3.80 6.70 5.81 2.41 4.08 1.93 5.45 5.11 7.13 4.30 5.03 5.20 5.70 3.27 5.25 6.52 3.85 2.38 4.36 6.76 3.62 4.82 1.34 4.09 1.98 5.00 2.55 3.47 4.80 6.67 4.82 4.10 8.01 8.35 6.39 3.49 10.53 11.07 9.66 0.71 15.86 28.52 43.18 50.96 47.61 39.27 23.09 5.35 4.01 9.55 9.03 2.69 1.54 2.76 5.24 2.70 2.27 1.46 4.42 3.09 1.09 1.53 4.36 3.55 0.51 0.95 3.70 4.18 1.20 0.67 1.45 2.71 0.63 1.58 0.13 2.42 1.37 1.20 0.59 3.60 3.95 1.65 0.67 6.06 10.48 10.77 11.61 9.72 5.89 5.51 2.28 0.91 0.94 2.81 2.09 1.16 1.12 0.40 1.09 1.54 2.06 2.53 1.58 1.16 3.33 9.41 12.80 15.54 16.89 13.16 10.16 5.63 1.46 4.69 6.10 5.39 1.20 4.56 5.30 5.21 1.37 4.62 5.38 5.50 2.22 4.52 8.74 13.11 16.57 14.77 12.29 8.39 2.48 0.70 1.51 2.44 1.81 1.12 0.68 0.50 1.79 1.38 1.39 1.13 1.62 1.63 1.34 2.71 3.83 6.70 6.18 5.38 4.62 1.41 1.02 0.59 1.52 1.37 1.37 0.89 0.27 0.58 1.31 1.49 0.87 0.42 1.00 0.65 0.42 2.09 2.75 1.66 2.21 1.06 1.41 1.60 0.32 0.68 1.10 1.93 1.16 1.28 0.53 1.30 0.71 1.68 0.98 0.65 0.12 1.47 1.03 1.52 1.69 0.91 1.20 0.95 1.96 0.70 0.58 0.46 1.67 1.03 1.42 0.82 0.97 0.83 1.58 1.32 0.47 0.60 1.05 1.12 1.49 2.90 
Decoded char: $
Process FFT and decode now
Magnitudes:
0.59 1.01 0.91 1.33 0.72 0.55 0.66 0.96 0.60 0.18 0.13 0.28 0.34 1.00 1.69 1.12 0.28 1.34 5.35 4.28 8.95 22.08 21.04 5.82 9.50 8.65 2.57 2.05 4.37 6.10 4.17 3.58 1.62 2.62 2.92 2.25 1.79 1.77 1.30 2.61 9.08 12.14 25.87 35.01 21.51 11.70 15.72 4.44 7.21 7.52 10.86 5.95 7.27 6.39 6.51 4.98 6.54 6.82 2.10 1.38 4.25 5.82 9.62 10.46 12.67 17.54 15.76 13.70 5.28 7.96 9.10 8.37 5.39 4.24 7.15 7.49 6.21 3.79 6.42 3.28 2.65 0.13 1.20 7.30 15.11 33.16 42.20 30.61 25.68 17.03 5.38 17.95 22.76 19.59 5.26 20.40 25.09 20.81 3.29 19.90 32.12 31.57 11.37 19.63 68.00 115.28 105.75 88.35 123.95 95.81 24.61 16.86 17.33 29.27 13.58 21.59 11.79 9.50 4.67 19.89 25.21 24.81 21.67 6.62 32.35 61.27 106.43 109.36 72.06 101.57 106.62 55.28 25.15 9.28 25.56 19.84 14.20 13.76 10.49 17.39 7.25 13.12 12.85 36.32 25.46 12.73 26.35 102.51 136.93 100.00 112.19 129.83 74.14 7.48 15.19 28.59 27.80 4.44 8.95 9.68 17.28 9.06 5.13 5.00 16.04 14.65 4.73 11.20 20.24 16.58 51.49 63.81 32.35 26.24 34.37 17.30 5.68 10.49 25.64 26.77 21.91 8.68 11.33 25.46 33.70 30.40 16.62 8.49 37.42 65.69 104.70 107.08 63.81 94.51 99.63 44.51 14.43 10.25 25.81 18.77 4.57 6.47 21.06 24.45 19.34 12.67 34.03 29.94 29.62 14.90 66.71 50.31 99.85 206.36 173.17 40.11 60.93 47.27 11.41 15.40 20.37 20.43 10.52 10.37 5.18 3.17 3.93 6.98 10.16 13.38 11.67 39.10 55.20 34.46 175.81 219.52 102.68 51.00 88.01 27.91 30.77 29.33 53.84 34.35 36.42 30.63 31.13 25.27 33.84 34.04 12.54 11.86 21.48 33.83 2.67 34.48 33.57 9.57 5.54 5.81 3.30 6.75 5.67 11.35 10.81 7.90 11.85 12.06 12.33 10.15 17.76 10.67 9.70 4.52 19.88 15.81 27.54 38.81 29.45 21.46 12.08 3.81 3.35 3.15 5.76 7.73 6.64 5.00 2.20 5.79 6.70 8.73 4.79 2.19 2.35 7.64 8.51 13.44 14.30 5.61 11.28 9.54 4.47 1.04 3.77 4.30 6.83 4.17 4.54 4.58 5.58 4.32 3.72 4.35 4.45 6.20 3.68 7.81 1.52 6.73 5.36 3.14 4.10 4.34 3.33 1.42 4.08 8.25 6.42 3.73 7.70 9.18 8.15 4.82 12.06 12.37 10.95 3.44 18.87 25.77 42.23 54.64 46.35 35.98 24.60 6.95 3.69 8.84 9.80 2.52 2.94 1.65 4.30 1.03 4.64 3.82 4.69 3.90 3.38 5.63 8.25 10.10 7.89 6.87 4.23 3.68 4.19 2.34 1.35 2.65 1.86 1.11 1.21 1.30 1.37 2.20 3.29 2.19 3.84 2.47 3.59 3.64 12.80 15.12 9.58 10.58 9.99 5.09 1.43 3.11 2.73 1.74 1.81 2.17 1.88 0.97 2.28 3.42 2.81 1.79 0.86 3.18 2.71 11.58 17.81 12.32 14.31 18.17 12.12 4.62 2.57 6.60 6.72 5.38 2.12 5.50 5.86 6.12 3.10 6.30 6.13 5.56 3.01 7.06 8.42 9.58 23.99 22.93 8.83 3.93 2.87 1.19 1.31 0.19 0.57 1.60 1.34 1.36 0.37 1.41 1.45 2.46 0.33 2.50 1.94 6.13 4.03 6.04 13.21 11.40 4.47 1.42 1.73 0.26 1.43 1.56 1.74 1.47 0.23 1.79 3.94 5.44 5.51 3.43 1.63 7.43 14.26 20.83 24.37 24.16 24.36 22.54 15.27 8.70 3.93 2.20 3.45 2.59 2.62 2.01 3.16 1.80 0.86 0.95 2.19 1.74 1.96 3.06 4.69 6.83 9.78 11.08 10.84 8.04 3.57 1.66 2.32 4.18 3.28 3.13 1.37 1.50 2.90 5.04 4.82 2.39 1.33 3.72 4.92 4.71 6.35 5.53 
Decoded char: `
Process FFT and decode now
Magnitudes:
0.72 1.17 0.36 0.39 0.13 0.81 0.62 0.52 0.61 0.55 0.59 0.65 0.92 0.53 0.24 1.02 2.81 1.27 4.98 3.40 11.41 26.96 25.44 7.07 9.23 7.14 6.86 9.00 2.84 1.17 5.02 6.62 3.78 5.29 3.37 1.08 1.20 2.82 1.31 0.50 1.79 2.38 13.31 19.95 10.89 6.50 9.89 5.44 11.06 5.96 0.68 3.97 8.96 5.97 7.14 7.03 1.69 0.40 5.60 5.65 2.98 5.74 0.77 6.25 3.78 0.98 2.28 4.50 2.50 5.71 4.56 0.97 1.66 3.53 3.62 2.49 4.13 1.12 1.31 1.77 3.41 1.04 1.77 0.56 2.98 11.16 14.10 4.52 7.46 6.33 6.18 8.73 2.67 1.25 5.56 7.49 4.69 6.57 4.42 1.63 2.33 1.88 2.04 3.35 8.21 13.32 57.25 78.60 41.93 20.61 34.59 17.67 40.10 22.41 3.48 17.70 39.62 28.12 38.07 39.74 10.34 2.60 45.53 57.29 29.70 72.64 21.48 158.62 236.23 150.36 18.62 63.36 24.80 44.80 34.28 1.80 7.73 26.57 24.36 18.56 25.67 10.63 1.45 14.18 26.61 12.36 26.38 17.43 39.95 85.28 72.72 18.56 23.44 16.81 15.71 19.59 5.79 2.75 9.89 12.66 7.15 10.39 5.93 0.95 1.19 2.64 1.28 3.40 8.91 9.44 50.23 74.35 41.19 23.23 37.19 20.21 44.11 24.59 3.09 18.60 44.13 31.08 41.15 43.24 10.78 2.59 48.50 59.87 32.31 77.56 18.34 155.62 224.14 137.21 17.04 46.22 15.38 27.84 17.46 1.26 2.89 2.96 2.05 3.99 10.76 6.47 2.14 14.99 34.75 18.53 43.95 31.92 78.60 173.68 150.28 36.99 49.45 35.15 29.10 33.98 11.05 3.21 13.15 13.03 5.53 1.76 1.78 1.66 4.52 24.26 24.09 29.61 47.15 43.04 175.16 214.83 102.02 49.74 72.69 35.09 69.48 36.31 2.66 23.77 49.62 32.58 38.30 36.69 9.04 2.40 29.13 31.23 14.19 28.94 5.77 39.15 39.27 12.79 1.08 2.94 1.91 8.00 7.37 2.12 1.13 11.26 12.35 8.68 13.84 5.85 1.64 7.73 13.94 5.24 12.73 6.22 11.10 15.38 5.76 0.80 6.14 6.87 5.92 9.55 4.02 0.16 8.04 12.32 6.95 11.62 7.49 2.30 2.17 11.40 7.67 8.18 9.47 9.17 24.98 20.76 6.00 1.14 0.22 0.57 2.97 1.81 1.13 1.43 5.14 3.17 4.61 4.33 2.04 1.99 5.12 7.36 2.11 6.46 3.25 10.60 10.52 3.86 2.23 1.80 1.96 1.59 2.76 1.44 1.03 5.51 5.90 4.65 6.79 3.80 1.21 5.08 8.65 4.64 6.38 4.57 6.66 10.51 6.18 1.05 1.77 1.68 3.05 4.97 2.02 1.76 4.63 6.51 4.84 7.72 5.83 1.72 3.42 9.27 7.24 5.63 7.13 6.36 17.26 15.51 4.60 2.52 2.38 1.14 1.63 1.22 0.32 1.36 3.76 3.23 3.40 4.01 2.21 1.07 4.63 5.33 2.05 4.92 1.27 9.46 10.99 4.93 0.28 0.95 0.38 1.60 1.43 0.61 0.41 2.76 3.37 2.50 4.31 2.25 0.65 3.34 6.33 2.90 5.77 3.44 7.67 14.00 9.70 1.90 1.04 0.48 0.93 1.78 0.67 0.61 1.79 3.12 1.80 3.91 2.52 1.00 1.02 5.42 3.98 5.03 6.39 4.76 17.01 17.24 6.90 1.78 2.42 0.20 0.61 0.87 1.79 1.63 1.17 1.00 3.33 3.13 0.39 0.96 3.63 5.06 2.42 6.02 2.74 12.43 15.69 7.51 2.43 4.52 2.69 4.06 3.50 0.96 1.43 4.57 5.63 4.97 8.07 5.47 2.30 8.50 15.69 8.99 16.46 12.57 24.70 56.38 49.80 13.96 14.72 9.68 9.75 11.25 1.60 2.87 3.01 4.61 0.93 2.46 0.83 3.02 2.28 2.68 2.70 3.54 4.75 1.71 15.18 22.18 12.91 3.22 6.89 2.07 6.64 2.57 2.34 1.72 7.00 5.24 4.21 5.21 3.76 2.47 6.71 7.62 3.88 6.33 3.36 8.32 
Decoded char: r
Process FFT and decode now
Magnitudes:
0.73 1.41 0.71 0.71 1.09 0.69 0.85 1.08 0.76 0.68 0.69 0.75 0.62 1.19 1.73 1.39 3.42 1.35 4.31 2.27 12.48 26.58 24.63 9.59 5.34 1.03 6.89 5.40 3.46 5.70 1.76 1.96 3.11 1.38 1.48 0.40 3.81 4.76 7.52 10.22 11.93 11.52 25.78 32.28 14.29 14.02 16.12 13.09 18.99 12.23 15.24 10.53 4.92 6.35 6.22 3.88 9.19 6.62 4.44 4.33 3.07 2.36 6.56 7.36 5.64 10.27 10.20 15.19 12.94 16.21 13.69 11.85 10.96 4.82 4.83 2.68 2.84 5.91 7.79 5.16 5.80 2.14 2.40 6.50 10.17 23.92 28.05 15.59 26.16 25.35 28.26 30.31 24.13 24.28 13.48 8.17 2.56 11.37 17.57 27.36 32.81 39.12 45.14 49.95 49.72 68.00 44.17 38.16 81.22 50.67 31.19 40.09 11.02 11.84 20.53 16.38 6.67 22.78 19.79 4.23 35.06 32.36 23.21 48.98 12.88 34.04 46.90 160.73 220.83 150.81 42.48 29.11 11.56 36.62 14.55 21.05 21.70 2.41 12.89 14.69 0.71 10.56 7.55 14.49 10.52 36.96 31.36 50.17 77.12 41.62 54.24 72.65 37.60 37.58 29.87 13.39 16.01 3.02 9.70 0.92 5.81 2.13 2.96 2.75 1.24 7.31 11.18 18.41 21.36 44.08 43.55 37.25 77.76 57.94 42.85 59.03 23.57 31.70 16.25 16.30 3.33 27.38 18.89 15.52 15.58 29.76 27.56 44.94 81.60 39.13 124.85 160.07 130.55 144.72 104.49 39.43 59.66 32.68 25.26 20.22 11.44 10.35 5.43 5.13 8.45 19.33 29.61 21.57 40.50 21.55 26.18 23.14 87.66 168.19 146.36 54.73 27.37 7.05 27.38 22.89 10.59 17.48 6.51 3.28 3.87 0.44 3.36 12.33 10.88 22.99 26.50 10.18 30.32 58.04 174.19 208.75 112.56 38.60 34.94 37.19 64.92 28.41 55.17 35.99 16.09 26.52 22.80 10.13 39.20 32.97 30.84 40.76 12.57 30.09 3.00 43.51 48.98 17.66 11.72 8.81 10.09 5.50 1.41 6.44 10.24 2.50 7.73 8.54 3.22 8.56 12.22 4.67 13.44 5.37 11.33 7.89 13.21 22.68 12.46 10.79 7.79 8.12 7.95 0.99 5.19 3.81 3.13 2.53 4.92 6.38 1.95 10.04 6.99 5.93 10.23 4.06 4.41 14.02 21.66 17.05 6.33 1.88 1.46 0.98 3.36 2.89 3.78 5.54 2.17 5.03 5.02 1.77 6.06 4.36 3.44 5.75 0.76 4.82 2.60 11.98 13.19 5.08 1.79 1.74 2.57 3.06 1.32 3.68 4.09 0.99 2.95 3.38 2.69 4.22 7.75 4.41 7.85 5.46 5.28 6.38 5.80 17.09 17.45 13.23 11.05 12.05 10.07 7.23 7.46 2.30 3.59 0.51 3.59 0.42 3.45 0.58 6.33 4.59 11.02 12.85 10.49 20.05 17.10 6.35 7.24 4.53 1.33 0.85 0.94 0.76 0.91 2.87 2.22 2.53 3.11 1.20 0.91 5.47 6.29 8.50 12.86 10.81 17.54 14.33 7.48 17.97 16.53 15.12 13.66 13.25 11.90 10.40 9.82 5.74 5.42 3.64 1.84 4.84 6.00 3.60 6.43 2.14 4.14 1.67 8.85 12.91 8.42 3.79 1.61 2.13 2.28 3.00 2.49 4.11 2.68 2.93 3.52 1.76 2.76 5.06 2.51 4.26 4.49 1.34 2.64 8.09 15.39 15.22 8.52 1.66 1.77 1.82 0.92 1.44 1.70 0.53 1.58 0.41 1.87 0.55 3.16 3.20 1.69 4.70 3.69 1.62 8.12 11.39 11.14 10.26 5.32 1.79 2.10 2.21 3.20 3.00 5.08 2.64 4.13 5.28 2.00 5.44 7.20 1.82 8.19 9.61 1.24 13.72 31.04 44.87 44.86 27.68 5.40 6.75 7.97 4.94 2.21 6.49 2.80 2.37 1.91 2.79 1.63 4.58 4.60 6.69 9.02 12.49 14.58 22.96 20.91 4.20 26.61 25.80 19.47 22.90 14.20 13.28 8.59 3.66 3.23 2.81 1.88 4.81 5.09 6.19 8.92 5.96 9.52 6.16 6.45 12.22 
Decoded char: r
Process FFT and decode now
Magnitudes:
0.85 1.27 0.53 0.47 0.27 0.31 0.54 0.78 0.65 1.07 1.07 1.17 2.05 1.25 2.40 1.93 1.44 2.52 2.51 1.85 11.99 24.45 22.93 8.13 3.87 2.29 3.94 3.17 4.01 4.72 3.47 3.76 2.80 1.76 3.02 1.55 5.45 3.58 6.31 10.59 0.39 26.32 58.29 69.61 45.52 7.43 13.64 12.22 4.40 8.74 11.97 3.92 13.75 7.45 10.18 9.78 4.87 8.08 2.03 4.52 2.42 2.03 6.31 20.94 37.24 38.09 16.98 7.78 15.56 6.08 7.99 12.77 2.71 11.65 9.60 5.30 10.49 2.13 5.82 4.35 1.01 1.64 1.12 3.76 25.74 60.75 74.45 45.36 3.34 27.34 20.30 6.75 26.66 15.34 18.74 29.92 3.40 31.18 21.56 16.32 36.28 13.00 34.63 51.23 5.92 100.18 159.11 150.40 99.03 29.87 28.59 28.81 15.62 21.54 18.31 20.76 25.76 24.46 30.14 30.34 26.27 34.40 14.22 31.62 5.27 31.17 16.69 115.84 167.19 107.94 14.91 24.51 5.38 24.43 13.58 24.54 20.27 20.11 18.92 16.51 12.63 15.85 8.05 20.79 9.70 28.72 28.57 26.23 92.67 132.23 129.79 78.42 8.59 39.85 21.44 16.05 18.79 3.04 11.02 1.68 8.89 3.31 7.76 5.50 4.94 1.36 8.27 16.75 4.01 52.77 101.69 120.14 98.69 32.58 42.78 47.34 19.66 44.65 14.47 33.96 16.07 26.55 18.46 28.59 31.30 30.81 51.32 27.76 70.47 36.95 82.70 144.96 151.85 140.09 73.64 28.34 53.68 16.24 28.72 21.09 4.18 18.43 15.42 9.78 25.58 7.42 24.45 15.86 14.56 18.33 23.66 10.48 80.55 149.16 124.14 36.40 21.19 7.50 18.47 11.51 15.54 14.52 10.46 9.43 5.31 0.29 3.20 6.48 11.04 5.00 16.15 13.68 19.23 53.34 161.62 196.49 109.62 15.47 32.53 25.19 27.99 22.86 46.20 22.21 51.72 32.13 41.69 39.46 21.38 35.56 5.59 20.64 19.20 16.74 26.13 78.09 88.32 54.49 17.42 4.18 10.06 5.20 6.45 7.49 7.65 9.80 11.04 9.30 13.04 6.49 11.49 5.36 6.67 6.44 7.33 4.59 26.49 41.52 34.93 16.91 2.40 8.57 4.83 6.19 5.86 6.71 6.89 8.04 7.29 8.53 7.18 7.65 7.01 5.29 6.33 1.59 4.80 5.57 17.35 16.88 6.81 2.46 0.50 1.87 1.00 0.50 1.30 1.98 3.67 3.55 4.88 4.86 4.42 5.32 2.66 4.09 1.82 1.39 3.16 8.28 8.52 4.81 2.44 1.14 1.39 2.04 1.97 3.89 3.76 5.11 5.76 4.78 6.99 3.46 6.37 3.65 3.13 5.47 5.90 4.48 26.07 42.64 40.07 22.15 1.23 12.26 7.78 5.93 8.76 1.41 6.45 1.72 3.93 1.39 5.65 1.43 7.61 5.55 6.75 9.79 2.14 14.88 21.45 22.05 14.60 3.18 3.52 2.34 1.04 2.77 2.79 4.23 4.21 3.13 4.69 1.58 2.02 5.60 4.74 5.83 13.55 5.17 20.20 45.14 56.54 45.60 17.40 7.30 11.89 2.70 6.65 6.98 0.86 8.35 6.44 6.07 9.58 4.19 7.25 5.44 1.30 4.16 4.32 1.17 6.78 7.53 4.13 3.64 1.33 2.77 1.45 1.05 2.31 1.15 2.88 3.93 3.08 5.59 3.70 4.56 3.63 1.27 1.38 2.55 2.59 4.96 7.65 3.33 3.31 3.49 1.65 1.90 0.87 0.31 1.57 1.59 0.20 0.94 2.12 2.09 3.80 4.57 4.45 5.41 4.37 4.28 3.66 3.09 1.66 3.11 2.06 1.31 1.92 0.15 0.93 1.26 0.85 2.14 2.51 2.65 3.73 3.22 4.80 4.11 5.76 4.91 6.19 5.26 7.11 12.03 7.43 1.47 4.21 2.20 4.81 2.62 4.65 3.24 3.70 4.13 1.62 4.39 2.38 2.03 6.98 4.67 9.04 16.24 4.12 35.93 61.93 67.09 50.80 15.59 17.71 19.79 4.44 15.31 5.66 7.46 6.50 4.19 2.92 7.16 4.04 6.46 8.18 2.54 8.79 3.30 5.71 8.28 
Decoded char: w
Process FFT and decode now
Magnitudes:
0.50 1.41 0.91 0.70 1.01 0.47 0.84 0.57 0.42 0.47 0.31 0.17 0.33 0.85 0.35 1.38 1.64 1.45 4.29 0.32 13.69 26.48 26.34 12.10 3.57 7.63 0.80 5.10 2.62 3.14 3.53 1.39 3.93 1.01 3.37 2.58 1.86 2.89 1.45 1.17 1.30 4.75 12.94 19.10 14.79 2.41 6.34 4.12 3.30 3.89 2.35 4.43 0.55 5.08 2.61 3.94 5.23 1.32 5.86 3.19 4.06 5.48 1.10 6.08 4.37 1.64 3.17 0.74 2.18 2.01 1.81 1.55 3.11 0.35 3.20 2.15 1.83 2.81 0.37 2.08 1.04 1.08 0.29 1.08 4.22 11.44 14.56 7.95 3.41 7.49 1.45 6.98 4.32 5.02 6.10 2.48 5.58 1.99 3.14 1.70 0.59 1.11 1.19 6.82 5.95 19.77 60.29 79.56 52.80 0.65 29.03 13.33 18.26 21.33 6.82 24.56 5.86 22.45 17.27 15.61 26.88 4.60 34.94 12.84 41.56 46.17 45.50 176.36 234.43 168.44 40.83 40.82 33.86 11.39 26.35 2.04 19.07 9.46 11.71 13.38 4.11 14.38 3.43 13.00 10.96 9.63 21.15 1.96 50.74 86.28 76.80 31.84 8.80 17.18 1.98 10.13 5.49 5.27 6.58 1.49 6.30 1.85 4.58 3.81 1.89 3.17 1.45 3.19 1.84 17.08 53.70 76.84 55.23 2.40 30.54 14.97 19.01 22.50 7.30 25.77 5.49 23.92 18.00 16.78 28.76 4.69 37.04 14.86 42.38 48.47 43.89 172.33 222.85 152.79 33.69 33.96 24.52 8.99 15.41 2.51 7.56 3.25 2.01 3.41 1.44 8.38 4.11 14.16 15.54 15.46 38.47 3.95 102.99 177.63 157.36 63.65 17.98 32.12 3.30 17.28 7.74 7.74 7.36 1.66 3.89 1.38 1.50 2.64 6.02 12.46 4.22 31.87 16.91 73.04 185.08 217.95 133.36 6.81 55.26 25.41 26.51 29.38 8.73 27.41 5.79 22.02 14.57 14.01 20.39 4.00 22.28 7.22 19.90 18.92 13.94 42.69 39.36 15.31 1.16 0.70 5.09 1.09 6.13 3.80 4.93 5.95 2.94 7.12 1.57 7.45 3.55 6.57 6.66 4.06 9.36 0.90 12.83 14.55 5.38 2.03 1.08 4.15 2.47 3.92 4.66 2.18 6.25 0.74 6.64 3.76 5.61 6.61 3.28 8.76 0.34 10.25 5.24 12.62 24.54 20.30 8.08 0.88 0.88 1.39 0.79 1.95 1.72 1.91 2.90 1.05 3.56 0.86 3.49 1.55 3.74 1.85 4.74 4.34 5.10 12.72 10.44 4.69 2.46 2.66 2.43 2.04 3.12 0.30 2.93 1.72 1.85 3.11 0.17 3.78 2.10 3.47 4.29 2.18 6.22 0.99 9.61 12.21 6.61 0.81 2.46 2.76 1.89 4.17 1.50 4.09 3.16 2.50 4.55 0.97 4.69 3.53 3.49 6.20 1.77 8.28 4.61 10.58 20.16 15.63 4.46 2.39 1.50 1.84 1.89 2.00 0.98 2.11 0.39 1.83 1.36 1.21 2.26 0.37 2.84 1.78 2.82 4.06 2.19 10.14 11.11 5.11 0.36 0.21 1.18 0.39 1.87 0.61 1.97 1.50 1.50 2.36 0.58 3.02 0.90 3.18 2.93 2.37 5.33 0.44 9.86 14.36 9.98 2.58 1.03 0.67 0.67 0.23 0.89 0.64 1.20 0.61 1.85 0.91 2.13 2.37 1.53 3.98 0.19 5.51 3.21 8.05 17.94 17.23 8.20 0.17 2.44 1.25 0.90 1.60 1.40 1.07 2.19 0.80 1.80 1.79 0.67 1.76 2.44 0.49 4.19 3.79 4.82 14.23 15.37 9.38 3.45 1.29 2.92 1.18 2.85 1.28 1.95 2.48 0.73 2.58 3.54 0.54 4.90 4.32 2.47 8.41 7.71 7.42 33.07 52.05 47.99 24.76 1.31 9.77 7.40 0.86 5.86 3.61 1.57 3.53 2.05 0.71 3.05 2.45 2.51 3.40 3.14 3.18 2.46 7.74 14.56 17.51 12.61 3.87 3.35 3.94 2.48 2.14 2.87 1.75 2.17 1.74 2.47 1.11 2.58 2.57 0.94 3.36 2.29 1.35 5.22 9.18 
Decoded char: r
Process FFT and decode now
Magnitudes:
0.40 0.74 0.51 0.96 0.39 1.26 0.58 1.49 1.21 1.53 2.01 1.44 2.96 1.33 4.37 1.09 6.97 0.81 12.48 5.11 32.44 68.33 62.66 19.97 14.25 11.81 6.86 9.31 3.49 7.87 1.41 6.68 0.49 5.54 1.31 4.22 1.91 2.48 1.61 0.63 1.16 5.05 22.02 32.56 19.60 4.41 11.51 1.36 9.66 0.83 8.43 2.52 7.04 3.61 5.79 4.19 5.08 4.90 4.57 6.18 3.68 7.95 2.37 12.84 10.12 1.69 0.80 2.64 1.26 3.01 1.82 2.88 2.30 2.42 2.35 1.82 1.70 1.42 0.44 1.39 2.86 1.66 9.77 5.43 37.85 92.84 96.93 35.03 26.70 24.80 15.09 22.60 9.54 22.72 5.26 24.01 0.61 25.56 4.81 27.19 11.17 30.01 20.39 36.59 40.83 58.49 171.49 177.37 79.88 10.67 25.50 1.43 10.27 1.81 2.89 1.14 1.90 1.54 5.56 4.71 8.88 10.54 11.39 20.50 12.39 40.19 11.85 128.40 194.50 133.78 12.53 45.81 14.39 26.08 14.85 15.95 13.64 10.66 12.41 8.78 13.36 7.74 16.89 5.53 22.24 2.92 30.91 11.43 62.56 119.94 101.00 29.62 20.37 15.87 8.77 11.34 4.18 8.66 1.87 6.82 0.39 5.35 1.29 3.77 2.47 2.32 3.23 2.83 6.33 7.40 43.57 67.43 39.74 13.01 27.14 5.39 25.26 1.56 24.71 5.68 24.97 11.59 25.24 19.64 24.01 29.43 20.91 41.61 17.53 64.93 16.12 181.07 257.31 165.12 15.41 46.15 12.68 21.04 9.02 10.86 5.82 5.60 3.00 2.16 1.16 0.78 5.75 1.84 11.20 5.00 19.70 12.62 54.15 122.41 114.25 37.44 24.36 21.68 8.09 13.52 1.37 6.82 1.54 2.06 1.05 1.03 0.84 5.20 2.25 12.72 9.22 24.57 30.85 51.97 175.31 208.99 106.47 22.19 49.56 7.28 36.07 0.81 29.58 5.91 24.74 10.02 20.75 13.30 17.55 16.68 14.69 21.05 11.78 28.69 8.86 62.15 71.67 36.94 3.65 4.29 1.29 1.68 0.83 3.28 2.44 3.58 3.73 3.28 4.94 2.35 5.86 0.80 5.94 0.93 4.73 1.85 2.24 7.40 14.29 7.33 6.16 6.40 4.77 6.79 3.60 7.65 2.01 8.39 0.12 8.67 2.02 8.52 3.98 8.31 6.06 8.77 9.79 12.25 33.26 30.44 12.09 0.35 2.48 1.50 2.38 1.61 3.94 1.44 5.03 2.08 5.69 3.58 6.11 5.76 6.58 9.38 7.14 17.19 7.41 51.47 69.79 44.37 5.63 10.89 3.75 4.66 1.96 2.89 1.10 1.93 1.08 1.01 0.79 0.32 0.57 0.23 1.49 0.70 2.78 1.99 6.11 13.72 11.77 2.45 3.74 1.95 2.66 2.11 2.05 2.14 1.54 2.08 1.09 2.04 0.80 2.17 0.83 2.59 1.47 3.41 3.42 5.59 16.04 17.27 8.09 1.94 3.05 1.37 2.18 0.98 2.26 0.43 2.44 0.38 2.43 1.03 2.22 1.65 1.92 2.30 1.71 3.49 1.61 8.81 10.44 5.80 1.45 0.55 1.32 1.17 1.18 1.78 1.14 1.99 1.28 1.89 1.54 1.61 1.83 1.31 2.26 1.01 3.30 0.84 7.57 13.70 12.47 5.15 1.86 3.22 0.17 2.37 0.83 1.75 1.30 1.32 1.58 1.11 1.79 1.05 2.05 1.05 2.58 1.52 4.40 4.57 21.34 27.55 14.39 3.64 7.47 1.29 5.75 0.11 4.99 0.91 4.41 1.92 3.58 2.73 2.40 3.01 1.14 2.66 0.26 2.11 0.60 9.22 20.08 18.03 2.14 9.22 3.26 7.23 4.33 6.18 5.41 5.47 6.79 4.71 8.64 3.55 11.01 1.84 14.35 1.48 20.79 7.92 44.85 86.17 72.03 21.30 12.89 10.19 4.37 5.97 1.15 3.24 0.37 0.92 0.93 1.47 0.72 4.14 1.51 7.18 5.21 11.25 14.30 21.79 74.22 87.86 44.74 8.76 20.94 1.81 14.63 1.66 11.12 3.60 8.54 4.77 6.55 5.47 4.95 5.95 3.55 6.22 2.40 6.27 1.79 6.68 
Decoded char: s
End marker detected, stopping data reception.
abcdABCDHell}Test $`rrwrs
End printing finished, idle state.
Start marker detected
Preamble detected, starting data reception
Process FFT and decode now
Magnitudes:
0.54 1.85 1.10 1.30 0.81 1.07 0.83 0.66 0.83 0.33 0.75 0.11 0.48 0.47 0.28 0.49 1.43 0.19 3.12 1.79 8.74 20.55 20.03 6.36 5.49 4.46 2.76 3.83 1.17 3.10 0.37 2.21 0.52 1.27 0.53 0.28 0.40 1.18 1.02 4.03 5.03 11.58 39.43 50.13 28.23 3.92 13.37 0.32 9.33 1.29 7.41 2.49 5.81 3.35 4.10 3.52 2.55 3.00 1.39 1.80 0.60 1.02 0.60 14.85 31.45 27.12 2.65 13.04 4.06 9.61 5.31 7.31 6.14 5.36 6.54 3.62 6.56 1.94 5.98 0.40 4.10 0.85 1.41 1.05 19.65 56.38 66.17 26.29 20.78 20.87 12.50 20.47 7.71 21.21 3.76 22.63 0.79 24.55 5.57 27.02 12.20 30.98 22.78 39.23 47.11 66.29 207.73 226.82 107.58 17.95 42.44 2.37 24.91 3.04 16.02 5.01 10.71 5.70 7.42 6.17 5.10 6.67 3.52 7.76 3.02 12.32 3.41 41.60 67.34 50.24 5.04 20.88 6.64 15.53 8.90 13.09 11.57 11.37 14.84 9.77 19.29 7.49 25.55 3.63 35.16 3.65 54.10 22.23 124.78 252.04 220.79 67.15 46.55 37.22 20.63 27.56 9.65 22.09 3.70 18.56 0.48 16.30 3.26 14.71 6.15 13.76 9.58 14.31 16.46 20.32 61.03 62.92 27.84 5.40 10.67 1.12 6.43 0.52 4.15 1.04 2.78 1.12 1.94 1.07 1.08 0.55 0.27 1.34 1.60 7.00 3.35 38.73 70.74 58.16 7.28 25.86 9.31 19.44 11.91 16.52 15.33 14.11 19.45 11.31 24.31 7.78 30.54 2.95 39.97 5.15 58.94 24.30 130.52 256.69 216.87 62.82 41.47 30.16 16.74 18.49 7.45 11.52 2.92 5.80 1.01 0.43 1.36 6.23 4.78 13.92 13.48 25.54 37.09 56.16 202.55 246.73 128.22 25.38 61.63 4.88 43.17 4.43 32.77 9.40 25.91 12.73 20.84 15.54 16.20 17.62 12.13 19.52 8.87 23.26 5.30 38.29 33.62 7.73 1.07 5.81 2.50 8.77 5.26 9.21 8.74 7.00 10.35 4.79 10.98 4.02 13.46 2.67 17.10 3.32 20.60 9.86 34.84 64.80 49.18 11.95 7.83 4.47 2.77 2.38 2.22 1.06 1.21 0.48 1.07 2.66 1.32 2.05 2.67 1.19 1.06 1.14 4.25 3.81 5.67 13.09 8.89 5.93 9.44 0.51 7.60 2.81 5.36 2.90 4.54 3.58 3.82 4.24 2.81 4.61 2.17 5.07 1.33 5.65 0.58 6.28 3.09 3.42 1.95 4.33 2.28 4.66 3.39 4.40 4.42 4.31 5.68 4.21 7.77 3.27 10.39 1.63 14.02 1.31 21.44 8.21 49.13 97.22 84.30 25.96 16.81 14.06 6.80 10.08 2.53 7.66 0.33 5.72 1.22 4.14 1.87 2.97 2.23 2.05 2.29 1.17 2.03 0.05 0.60 1.51 2.40 0.35 2.18 0.83 1.75 1.44 1.17 1.27 0.94 1.22 0.97 1.71 0.79 2.30 0.54 2.69 0.94 4.40 1.46 15.60 24.25 16.87 1.89 5.77 2.08 3.58 2.07 2.52 1.87 1.76 1.54 1.46 1.05 1.52 0.55 1.40 1.06 0.95 3.24 1.42 12.65 29.94 30.87 11.29 7.94 7.56 4.41 6.76 2.74 6.74 1.35 6.62 1.04 6.27 1.99 6.07 3.21 6.20 5.04 6.71 8.51 9.52 29.50 29.42 11.90 2.49 3.34 1.04 1.25 0.80 0.67 0.83 0.33 0.87 0.30 1.11 0.42 1.56 0.26 2.00 0.49 2.89 0.90 8.66 12.69 8.14 0.91 2.23 0.78 1.15 0.56 0.82 0.29 0.49 0.16 0.29 0.15 0.59 0.23 0.83 1.14 0.25 1.61 1.31 1.47 3.60 3.55 1.79 1.40 1.14 0.47 0.95 0.23 1.06 0.22 1.05 0.79 0.59 0.73 0.49 0.51 0.72 0.76 0.62 1.17 0.14 1.14 1.40 1.12 0.42 0.52 0.26 0.60 0.43 0.60 0.66 0.31 0.67 0.03 0.52 0.19 0.42 0.35 0.32 0.60 0.46 0.81 2.47 
Decoded char: e
End marker detected, stopping data reception.
abcdABCDHell}Test $`rrwrse
End printing finished, idle state.
Start marker detected
Preamble detected, starting data reception
End marker detected, stopping data reception.
abcdABCDHell}Test $`rrwrse
End printing finished, idle state.
Start marker detected
Preamble detected, starting data reception
End marker detected, stopping data reception.
abcdABCDHell}Test $`rrwrse
End printing finished, idle state.
Start marker detected
Preamble detected, starting data reception
End marker detected, stopping data reception.
abcdABCDHell}Test $`rrwrse
End printing finished, idle state.
